0.1067630350589752197265625
-0.0248173214495182037353515625
0.1716216504573822021484375
-0.18565319478511810302734375
-0.12550194561481475830078125
0.14722351729869842529296875
-0.19144384562969207763671875
-0.22121967375278472900390625
-0.0996446907520294189453125
-0.0425583980977535247802734375
0.120999373495578765869140625
0.100739412009716033935546875
-0.15335611999034881591796875
-0.14945574104785919189453125
0.066408000886440277099609375
0.010264000855386257171630859375
0.07737366855144500732421875
0.12108360230922698974609375
-0.05902819335460662841796875
0.116912662982940673828125
-0.18265855312347412109375
0.140251696109771728515625
-0.0604575574398040771484375
0.043617688119411468505859375
-0.3199885189533233642578125
-0.0516665540635585784912109375
-0.07050295174121856689453125
0.101251326501369476318359375
-0.11043955385684967041015625
-0.18565766513347625732421875
-0.23007094860076904296875
0.105077326297760009765625
-0.19299755990505218505859375
0.0853104889392852783203125
0.0549027808010578155517578125
-0.1132728159427642822265625
-0.2479942142963409423828125
-0.0458712317049503326416015625
0.053984589874744415283203125
0.131768703460693359375
0.08421687781810760498046875
-0.22556316852569580078125
-0.129456222057342529296875
-0.1146697700023651123046875
0.02115814387798309326171875
0.102706156671047210693359375
-0.010317777283489704132080078125
0.10416819155216217041015625
-0.02004620619118213653564453125
0.098400957882404327392578125
-0.2111992537975311279296875
-0.130093991756439208984375
-0.01655918918550014495849609375
-0.03105558454990386962890625
-0.18655179440975189208984375
-0.0134322978556156158447265625
0.03484050929546356201171875
0.090189255774021148681640625
0.12679411470890045166015625
-0.103813447058200836181640625
-0.18482644855976104736328125
-0.273396193981170654296875
-0.110597021877765655517578125
0.118390135467052459716796875
-0.12413330376148223876953125
-0.0420934818685054779052734375
-0.063292987644672393798828125
-0.13847769796848297119140625
-0.06716068089008331298828125
0.085203684866428375244140625
-0.264161586761474609375
-0.1938834488391876220703125
-0.15142016112804412841796875
-0.089018978178501129150390625
-0.078142963349819183349609375
-0.13911716639995574951171875
-0.068115055561065673828125
-0.2504772841930389404296875
-0.2597273886203765869140625
-0.036153398454189300537109375
0.107670404016971588134765625
0.103988058865070343017578125
0.10846753418445587158203125
-0.19354550540447235107421875
-6.01665597059763967990875244141e-05
0.16488184034824371337890625
-0.0182544253766536712646484375
0.019937932491302490234375
0.08037780225276947021484375
0.1326418817043304443359375
0.02100457251071929931640625
-0.1300571262836456298828125
-0.0417976267635822296142578125
0.0073904604651033878326416015625
-0.00375854666344821453094482421875
0.173253118991851806640625
0.1064200699329376220703125
0.09792459011077880859375
-0.122609071433544158935546875
-0.2311370372772216796875
-0.045110665261745452880859375
-0.2318992912769317626953125
0.1431281566619873046875
-0.0198920406401157379150390625
0.14553095400333404541015625
0.14008043706417083740234375
0.12986443936824798583984375
-0.02448379062116146087646484375
0.064792238175868988037109375
-0.0256744362413883209228515625
-0.07633326947689056396484375
0.096414782106876373291015625
-0.14580477774143218994140625
-0.095604576170444488525390625
-0.118159122765064239501953125
0.07245957851409912109375
-0.106233902275562286376953125
-0.05683650076389312744140625
0.1885716617107391357421875
0.084243275225162506103515625
-0.116675890982151031494140625
-0.15976274013519287109375
-0.262883126735687255859375
-0.1787942945957183837890625
0.010387253947556018829345703125
-0.13464535772800445556640625
-0.19975864887237548828125
-0.108875982463359832763671875
-0.1155731678009033203125
0.0468651317059993743896484375
0.098499484360218048095703125
-0.377901554107666015625
-0.2553097307682037353515625
-0.22293563187122344970703125
-0.19574810564517974853515625
-0.10117562115192413330078125
-0.0584170520305633544921875
-0.0257558710873126983642578125
0.0506015904247760772705078125
-0.13649654388427734375
-0.013195884414017200469970703125
0.06383492052555084228515625
-0.2701294124126434326171875
0.093562901020050048828125
-0.24814747273921966552734375
0.0573911182582378387451171875
-0.010394447483122348785400390625
0.0497675798833370208740234375
-0.1841983497142791748046875
-0.14572013914585113525390625
-0.267004072666168212890625
-0.0378615744411945343017578125
-0.05294211208820343017578125
-0.271453320980072021484375
0.080296270549297332763671875
-0.15008775889873504638671875
-0.20513688027858734130859375
-0.18291996419429779052734375
-0.0683831870555877685546875
-0.008751957677304744720458984375
0.090560369193553924560546875
0.1139055192470550537109375
0.0402051396667957305908203125
-0.01766352541744709014892578125
0.0486349165439605712890625
0.14654015004634857177734375
-0.268844425678253173828125
-0.15882502496242523193359375
-0.13910581171512603759765625
6.23992355031077750027179718018e-06
0.082358896732330322265625
-0.0933943688869476318359375
-0.115775220096111297607421875
-0.123268701136112213134765625
0.1625781357288360595703125
-0.12900312244892120361328125
-0.14556203782558441162109375
0.14940433204174041748046875
0.11645703017711639404296875
-0.14136864244937896728515625
0.076059870421886444091796875
0.095002926886081695556640625
-0.145589172840118408203125
0.123764194548130035400390625
-0.1114270389080047607421875
-0.17158092558383941650390625
0.051934100687503814697265625
-0.13422782719135284423828125
0.096416927874088287353515625
0.12556850910186767578125
-0.1034247875213623046875
0.0451152063906192779541015625
-0.107018254697322845458984375
-0.16603766381740570068359375
-0.091426931321620941162109375
-0.23159921169281005859375
0.15463562309741973876953125
0.0650745332241058349609375
0.0652072727680206298828125
0.087350822985172271728515625
-0.1558346450328826904296875
-0.17515282332897186279296875
0.081830449402332305908203125
0.094526104629039764404296875
0.0601378381252288818359375
0.079548560082912445068359375
-0.0595763623714447021484375
-0.112687051296234130859375
-0.122976966202259063720703125
-0.1518415510654449462890625
0.074942648410797119140625
0.076242499053478240966796875
-0.19771821796894073486328125
-0.19395856559276580810546875
-0.16657555103302001953125
0.13124705851078033447265625
-0.013390891253948211669921875
0.0570695213973522186279296875
-0.01789922080934047698974609375
-0.0705227553844451904296875
0.10830436646938323974609375
-0.1758086383342742919921875
-0.041667722165584564208984375
-0.121530942618846893310546875
-0.19591748714447021484375
-0.012988259084522724151611328125
-0.21294112503528594970703125
0.0541936419904232025146484375
0.09996263682842254638671875
0.104792065918445587158203125
-0.006564348004758358001708984375
-0.19638489186763763427734375
-0.063501425087451934814453125
-0.103556565940380096435546875
-0.22613053023815155029296875
-0.0252817980945110321044921875
-0.118013970553874969482421875
-0.1961162388324737548828125
0.02691990695893764495849609375
-0.16320823132991790771484375
-0.100254215300083160400390625
0.083189912140369415283203125
0.101548098027706146240234375
-0.1924883425235748291015625
-0.12096701562404632568359375
-0.075091063976287841796875
-0.108677707612514495849609375
-0.068305499851703643798828125
-0.000953334500081837177276611328125
-0.14522458612918853759765625
0.01822211034595966339111328125
0.09385864436626434326171875
0.07861547172069549560546875
-0.2517992556095123291015625
-3.58307661372236907482147216797e-05
0.075674943625926971435546875
-0.137005269527435302734375
-0.0221628211438655853271484375
0.13495159149169921875
-0.040538288652896881103515625
-0.1156055033206939697265625
0.114066548645496368408203125
-0.11079387366771697998046875
-0.18318416178226470947265625
-0.2647830545902252197265625
0.042408667504787445068359375
-0.154685080051422119140625
-0.0979374945163726806640625
-0.154059946537017822265625
-0.12318257987499237060546875
-0.18012042343616485595703125
-0.086722187697887420654296875
0.065168805420398712158203125
0.1279489696025848388671875
0.079195402562618255615234375
0.05101655423641204833984375
0.0409161187708377838134765625
-0.14246110618114471435546875
-0.121100105345249176025390625
-0.0222741998732089996337890625
-0.15873439610004425048828125
-0.007674242369830608367919921875
0.0186686478555202484130859375
0.075736694037914276123046875
-0.04016660153865814208984375
-0.1324560344219207763671875
-0.064007140696048736572265625
0.068071313202381134033203125
0.073976986110210418701171875
0.09386308491230010986328125
-0.1015481054782867431640625
-0.098314918577671051025390625
-0.079107113182544708251953125
-0.15389347076416015625
-0.082572795450687408447265625
-0.11875946819782257080078125
0.0534809939563274383544921875
0.053025804460048675537109375
0.03547023236751556396484375
-0.1505883634090423583984375
-0.019612811505794525146484375
-0.008287345059216022491455078125
0.1064180433750152587890625
0.05502684414386749267578125
0.124975383281707763671875
-0.17551927268505096435546875
-0.13610325753688812255859375
0.2579232752323150634765625
-0.2456726133823394775390625
-0.17123807966709136962890625
-0.014697541482746601104736328125
-0.2137854099273681640625
0.0892307758331298828125
0.0797356665134429931640625
-0.030558310449123382568359375
-0.02167790196835994720458984375
-0.19460888206958770751953125
-0.14557360112667083740234375
0.0603832341730594635009765625
0.03710280358791351318359375
-0.11176876723766326904296875
0.216343224048614501953125
-0.14608295261859893798828125
-0.0317194871604442596435546875
-0.1454368531703948974609375
-0.17780528962612152099609375
0.0447983406484127044677734375
0.1511089503765106201171875
0.119485728442668914794921875
-0.15627463161945343017578125
-0.17833197116851806640625
0.12840013206005096435546875
-0.15972484648227691650390625
-0.0087355189025402069091796875
-0.2508790791034698486328125
0.090747050940990447998046875
0.047478787600994110107421875
-0.155034601688385009765625
0.060380376875400543212890625
6.44723695586435496807098388672e-05
0.0477506257593631744384765625
-0.23447577655315399169921875
-0.060723923146724700927734375
-0.102787338197231292724609375
0.14936627447605133056640625
0.078162215650081634521484375
-0.17399586737155914306640625
-0.224989414215087890625
-0.24631021916866302490234375
-0.092531763017177581787109375
0.10145811736583709716796875
-0.2054280340671539306640625
0.17592068016529083251953125
0.060014821588993072509765625
0.123691312968730926513671875
-0.163310229778289794921875
0.082870922982692718505859375
0.1271741390228271484375
-0.094803266227245330810546875
0.08274279534816741943359375
0.0494508109986782073974609375
-0.198807895183563232421875
-0.239552199840545654296875
-0.12835085391998291015625
-0.0064828875474631786346435546875
0.098788641393184661865234375
-0.040672697126865386962890625
-0.129055678844451904296875
-0.15637664496898651123046875
-0.266393184661865234375
-0.2262413203716278076171875
-0.1427069008350372314453125
0.0892960727214813232421875
0.09132628142833709716796875
0.0592082105576992034912109375
0.097876965999603271484375
-0.069856010377407073974609375
-0.065537638962268829345703125
-0.17786528170108795166015625
-0.11479647457599639892578125
-0.2053904831409454345703125
0.0390625558793544769287109375
-0.24728952348232269287109375
-0.258693873882293701171875
-0.15376232564449310302734375
0.086471267044544219970703125
-0.009912514127790927886962890625
0.075935192406177520751953125
-0.0483998022973537445068359375
-0.113069050014019012451171875
0.052373982965946197509765625
0.1773159503936767578125
-0.063737638294696807861328125
-0.080262057483196258544921875
0.063679672777652740478515625
-0.0397673882544040679931640625
-0.2372953891754150390625
0.09742744266986846923828125
0.072537817060947418212890625
0.088214702904224395751953125
-0.0612476132810115814208984375
-0.216339290142059326171875
0.093222655355930328369140625
-0.0563797652721405029296875
0.02291081286966800689697265625
0.014041765592992305755615234375
0.133580148220062255859375
0.16178156435489654541015625
-0.0414808355271816253662109375
0.03905509412288665771484375
-0.0480869077146053314208984375
0.02994017116725444793701171875
-0.123653806746006011962890625
0.0576747991144657135009765625
-0.2554651200771331787109375
-0.24130941927433013916015625
-0.1627168953418731689453125
-0.081268630921840667724609375
-0.0434958636760711669921875
-0.10141931474208831787109375
0.06331045925617218017578125
0.068762481212615966796875
0.0374885760247707366943359375
0.05177767574787139892578125
-6.27573244855739176273345947266e-05
0.067420892417430877685546875
-0.1569380462169647216796875
-0.0324385203421115875244140625
-0.10316313803195953369140625
-0.13793265819549560546875
-0.072106935083866119384765625
-0.0492381639778614044189453125
-0.12648881971836090087890625
-0.1754869520664215087890625
0.1596661508083343505859375
0.17199160158634185791015625
-0.15545506775379180908203125
-0.08888971805572509765625
-0.1613444387912750244140625
-0.08144323527812957763671875
-0.1278743743896484375
-0.14200617372989654541015625
-0.071383200585842132568359375
-0.01587818562984466552734375
0.12488491833209991455078125
0.12618146836757659912109375
0.070461355149745941162109375
-0.14762641489505767822265625
-0.084061749279499053955078125
-0.00198200554586946964263916015625
-0.172390043735504150390625
-0.0159921832382678985595703125
0.007789426483213901519775390625
0.011850208975374698638916015625
0.066922657191753387451171875
-0.088860161602497100830078125
-0.0289188660681247711181640625
0.06839723885059356689453125
0.15967623889446258544921875
0.0690049827098846435546875
0.1699405610561370849609375
-0.0457378961145877838134765625
-0.094550795853137969970703125
-0.0887852013111114501953125
-0.0483224391937255859375
-0.1612179279327392578125
0.08098010718822479248046875
0.0515081025660037994384765625
0.08870582282543182373046875
-0.103678286075592041015625
-0.14540256559848785400390625
-0.0029559694230556488037109375
-0.111743174493312835693359375
0.013374728150665760040283203125
-0.00249162851832807064056396484375
-0.128524720668792724609375
-0.093559987843036651611328125
-0.253771364688873291015625
0.13475893437862396240234375
-0.146931111812591552734375
-0.02936051972210407257080078125
-0.19581890106201171875
-0.10166136920452117919921875
0.0920096337795257568359375
0.10043443739414215087890625
0.00369477830827236175537109375
-0.0536318384110927581787109375
-0.0338832847774028778076171875
0.0536421947181224822998046875
0.06738044321537017822265625
-0.076513849198818206787109375
-0.2395590841770172119140625
-0.03797508776187896728515625
0.0610495842993259429931640625
-0.10089008510112762451171875
-0.00307707139290869235992431640625
0.055151768028736114501953125
-0.1742458045482635498046875
0.0384459830820560455322265625
-0.13526402413845062255859375
-0.136346876621246337890625
-0.1282794177532196044921875
-0.13108475506305694580078125
-0.00986053235828876495361328125
0.18691198527812957763671875
0.09388644993305206298828125
0.095507554709911346435546875
-0.125307977199554443359375
0.065120436251163482666015625
-8.69078485266072675585746765137e-06
-0.24104084074497222900390625
-0.0339760594069957733154296875
-0.144725739955902099609375
0.05290286242961883544921875
0.073864944279193878173828125
0.09865142405033111572265625
-0.1691838800907135009765625
-0.18431310355663299560546875
0.0442682914435863494873046875
-0.1414795219898223876953125
0.158159911632537841796875
0.0575369112193584442138671875
-0.064213275909423828125
0.02928120456635951995849609375
-0.2010670006275177001953125
0.0865754187107086181640625
-0.2371470928192138671875
0.1511357724666595458984375
-0.088504977524280548095703125
0.1151115596294403076171875
0.106707490980625152587890625
-0.2111490666866302490234375
-0.0492108874022960662841796875
-0.1813881397247314453125
-0.0140568725764751434326171875
0.084041655063629150390625
-0.015250724740326404571533203125
-0.22145186364650726318359375
0.0348374582827091217041015625
0.0357986874878406524658203125
0.05563984811305999755859375
-0.066792927682399749755859375
-0.284361362457275390625
0.15110766887664794921875
0.082915358245372772216796875
0.118000097572803497314453125
-0.124093703925609588623046875
-0.10233260691165924072265625
0.06578628718852996826171875
-0.093772791326045989990234375
-0.16285236179828643798828125
0.047640211880207061767578125
-0.21539475023746490478515625
0.0712553560733795166015625
0.097518973052501678466796875
0.119270265102386474609375
-0.013420051895081996917724609375
0.06108558177947998046875
0.042690448462963104248046875
0.059250034391880035400390625
-0.28098237514495849609375
-0.112700879573822021484375
-0.2063501775264739990234375
-0.11748294532299041748046875
0.0413663499057292938232421875
-0.006718858145177364349365234375
-0.287297725677490234375
0.121356569230556488037109375
0.106420658528804779052734375
0.080459333956241607666015625
-0.1256330013275146484375
0.08701598644256591796875
-0.13005460798740386962890625
-0.10628865659236907958984375
0.061893261969089508056640625
-0.084294073283672332763671875
-0.0435885228216648101806640625
-0.220862448215484619140625
-0.15131391584873199462890625
-0.21668942272663116455078125
-0.15140916407108306884765625
0.070110701024532318115234375
0.052141584455966949462890625
-0.2484780251979827880859375
-0.0333201847970485687255859375
-0.17029426991939544677734375
0.06237868964672088623046875
-0.19870622456073760986328125
-0.006803892552852630615234375
-0.124206654727458953857421875
0.116696454584598541259765625
0.1272250115871429443359375
-0.21524274349212646484375
-0.289978921413421630859375
-7.74709333200007677078247070312e-05
0.05282604694366455078125
0.100761473178863525390625
-0.064546622335910797119140625
-0.12699721753597259521484375
-0.15055684745311737060546875
0.128929913043975830078125
-0.13135628402233123779296875
-0.08217845857143402099609375
-0.08114616572856903076171875
-0.1139418780803680419921875
0.1366786062717437744140625
-0.20201252400875091552734375
-0.035598479211330413818359375
-0.16284658014774322509765625
-0.13289861381053924560546875
-0.0407390631735324859619140625
-0.22026073932647705078125
0.12075422704219818115234375
-0.107545845210552215576171875
0.124258108437061309814453125
0.124291710555553436279296875
0.117489777505397796630859375
0.10259796679019927978515625
-0.09786464273929595947265625
-0.0056635183282196521759033203125
-0.18573437631130218505859375
0.07782818377017974853515625
-0.152524650096893310546875
-0.1558173596858978271484375
-0.15746624767780303955078125
-0.211624562740325927734375
-0.094133444130420684814453125
0.033055007457733154296875
0.13346512615680694580078125
-0.2299740314483642578125
-0.1612584888935089111328125
0.141957104206085205078125
-0.118492610752582550048828125
-0.087974242866039276123046875
-0.11991499364376068115234375
-0.133976876735687255859375
0.086016476154327392578125
0.0865061283111572265625
-0.20512755215167999267578125
-0.0414443798363208770751953125
-0.09933434426784515380859375
-0.19826440513134002685546875
0.077699519693851470947265625
-0.093204595148563385009765625
-0.18093836307525634765625
0.0501120202243328094482421875
-0.18869565427303314208984375
-0.0751753747463226318359375
-0.11196219921112060546875
0.06909413635730743408203125
-0.3865518271923065185546875
-0.21587513387203216552734375
0.111442901194095611572265625
0.09925197064876556396484375
0.12131540477275848388671875
-0.066106520593166351318359375
-0.083824165165424346923828125
-0.049097120761871337890625
0.0713698863983154296875
-0.239893853664398193359375
-0.10576082766056060791015625
-0.067951031029224395751953125
-0.0664722025394439697265625
0.069521106779575347900390625
0.06164894998073577880859375
-0.0039759925566613674163818359375
0.09024012088775634765625
-0.0623054169118404388427734375
-0.1771332919597625732421875
0.1097809970378875732421875
0.10161106288433074951171875
0.14822192490100860595703125
-0.24100320041179656982421875
-0.24922506511211395263671875
-0.114956863224506378173828125
-0.24274183809757232666015625
0.11354124546051025390625
0.0597451515495777130126953125
0.081524670124053955078125
-7.30358660803176462650299072266e-05
0.16973285377025604248046875
-0.02248006500303745269775390625
-0.03022877313196659088134765625
0.08121967315673828125
-0.13841114938259124755859375
-0.037236191332340240478515625
0.084307782351970672607421875
-0.0521585531532764434814453125
-0.0466502420604228973388671875
-0.04455752670764923095703125
0.18810684978961944580078125
0.090093649923801422119140625
0.16937541961669921875
-0.092553578317165374755859375
0.0319860167801380157470703125
-0.076082088053226470947265625
0.0793886482715606689453125
0.216995060443878173828125
0.13727150857448577880859375
0.17965252697467803955078125
-0.15780062973499298095703125
0.11022643744945526123046875
-0.01609531976282596588134765625
0.077701516449451446533203125
0.0043550548143684864044189453125
-0.084503389894962310791015625
0.01083840243518352508544921875
-0.2380874454975128173828125
-0.123944379389286041259765625
-0.1315669715404510498046875
-0.2504279315471649169921875
-0.2504747211933135986328125
-0.1951198577880859375
0.15701089799404144287109375
-0.2705487310886383056640625
0.16368974745273590087890625
0.057152248919010162353515625
0.114425957202911376953125
0.028892390429973602294921875
0.02484220080077648162841796875
-0.2055582702159881591796875
-0.201965630054473876953125
-0.033899508416652679443359375
0.0466890968382358551025390625
-0.0033905762247741222381591796875
-0.14864133298397064208984375
-0.0269046686589717864990234375
0.0456230156123638153076171875
-0.07646919786930084228515625
-0.169607341289520263671875
-0.12791717052459716796875
-0.06741361320018768310546875
-0.048317663371562957763671875
-0.0431498587131500244140625
-0.069343559443950653076171875
-0.00847698561847209930419921875
0.066794432699680328369140625
0.12902890145778656005859375
-0.2354145348072052001953125
-0.106989882886409759521484375
-0.1742351055145263671875
0.0340822637081146240234375
-0.16817633807659149169921875
-0.2041706144809722900390625
-0.18611769378185272216796875
-0.166078865528106689453125
-0.10550434887409210205078125
-0.06769521534442901611328125
-0.12956523895263671875
-0.19425322115421295166015625
0.0475064218044281005859375
-0.20329307019710540771484375
0.052128814160823822021484375
-0.120194293558597564697265625
-0.007911109365522861480712890625
-0.19275917112827301025390625
-0.16882045567035675048828125
-0.269181430339813232421875
-0.0019955043680965900421142578125
-0.0426392219960689544677734375
0.2036588490009307861328125
0.0747513473033905029296875
-0.272019863128662109375
-0.090127386152744293212890625
-5.22978734807111322879791259766e-05
0.1416194438934326171875
-0.094951689243316650390625
0.01654015481472015380859375
-0.264555871486663818359375
0.15828178822994232177734375
-0.100822381675243377685546875
0.11088025569915771484375
-0.07237637042999267578125
-0.041869379580020904541015625
-0.0476661622524261474609375
0.11825932562351226806640625
0.092987559735774993896484375
0.091924406588077545166015625
-0.057850353419780731201171875
-0.17831934988498687744140625
-0.03368930518627166748046875
-0.15924395620822906494140625
0.19191969931125640869140625
-0.0383041761815547943115234375
0.1402616798877716064453125
0.12574265897274017333984375
0.12942983210086822509765625
-0.091918580234050750732421875
-0.3126023113727569580078125
-0.0112065561115741729736328125
0.012379632331430912017822265625
-0.272248446941375732421875
-0.1402809917926788330078125
0.0891831219196319580078125
-0.1673121750354766845703125
0.0570158399641513824462890625
-0.00169400067534297704696655273438
0.072133131325244903564453125
0.13769324123859405517578125
-0.073934577405452728271484375
-0.111355267465114593505859375
-0.108144022524356842041015625
0.07821150124073028564453125
-0.126658856868743896484375
-0.09128130972385406494140625
-0.122775018215179443359375
-0.254971563816070556640625
-0.18309797346591949462890625
-0.2034628689289093017578125
-0.0036333538591861724853515625
-0.107308484613895416259765625
-0.05483208596706390380859375
-0.202762424945831298828125
0.092313386499881744384765625
0.10463047027587890625
-0.1600975096225738525390625
0.000802043941803276538848876953125
-0.046093054115772247314453125
-0.00988197140395641326904296875
-0.118859775364398956298828125
-0.014279444701969623565673828125
0.050154723227024078369140625
0.1263940632343292236328125
-0.12966549396514892578125
0.11624710261821746826171875
-0.364106833934783935546875
-0.103080309927463531494140625
-0.23061172664165496826171875
-0.1365993320941925048828125
-0.2241120040416717529296875
0.0543614365160465240478515625
-0.066302381455898284912109375
-0.01796980202198028564453125
0.092936582863330841064453125
0.06206189095973968505859375
-0.11553566157817840576171875
-0.2285292446613311767578125
-0.1972787082195281982421875
-0.1007114946842193603515625
-0.064053528010845184326171875
0.0198819339275360107421875
0.1386764347553253173828125
0.0373499356210231781005859375
-0.015157266519963741302490234375
0.0462958812713623046875
0.14794446527957916259765625
-0.2667444050312042236328125
0.01494865305721759796142578125
-0.19329915940761566162109375
-7.76900778873823583126068115234e-05
