0.303297519683837890625 0.27512800693511962890625 0.30978381633758544921875 0.244982540607452392578125 0.139324188232421875 
0.21461467444896697998046875 0.095137558877468109130859375 0.035441510379314422607421875 -0.0414617247879505157470703125 -0.13291834294795989990234375 
-0.068896658718585968017578125 -0.18619771301746368408203125 -0.2050174176692962646484375 -0.19936285912990570068359375 -0.213232815265655517578125 
-0.15146060287952423095703125 -0.109909117221832275390625 -0.101369254291057586669921875 -0.07684184610843658447265625 -0.11485572159290313720703125 
-0.139729559421539306640625 -0.0525397844612598419189453125 -0.0849129259586334228515625 -0.077641598880290985107421875 -0.084206379950046539306640625 

0.118881024420261383056640625 0.08862285315990447998046875 0.12813472747802734375 0.095987416803836822509765625 0.024329684674739837646484375 
0.075488828122615814208984375 -0.031751878559589385986328125 -0.085711173713207244873046875 -0.14997972548007965087890625 -0.21654628217220306396484375 
-0.14618386328220367431640625 -0.2398397922515869140625 -0.2517311871051788330078125 -0.24341545999050140380859375 -0.243693888187408447265625 
-0.17706696689128875732421875 -0.10876472294330596923828125 -0.092978022992610931396484375 -0.0672766864299774169921875 -0.10598705708980560302734375 
-0.140151798725128173828125 -0.0410439036786556243896484375 -0.059431113302707672119140625 -0.049894787371158599853515625 -0.06633661687374114990234375 

0.19025637209415435791015625 0.15978161990642547607421875 0.194568157196044921875 0.1909207999706268310546875 0.1581862866878509521484375 
0.17976920306682586669921875 0.0722860991954803466796875 0.01714138872921466827392578125 -0.0298551134765148162841796875 -0.067142881453037261962890625 
-0.0121739618480205535888671875 -0.113084889948368072509765625 -0.13431517779827117919921875 -0.13284969329833984375 -0.111537910997867584228515625 
-0.047420300543308258056640625 -0.007526543922722339630126953125 -0.0096409358084201812744140625 0.0060969418846070766448974609375 -0.01712147705256938934326171875 
-0.040379561483860015869140625 0.01923898048698902130126953125 -0.0206992588937282562255859375 -0.013126700185239315032958984375 -0.0152660273015499114990234375 


-0.05934052169322967529296875 0.03073151223361492156982421875 0.0229566432535648345947265625 -0.01863435097038745880126953125 -0.071514703333377838134765625 
0.18923373520374298095703125 0.2617303431034088134765625 0.27674257755279541015625 0.2490295469760894775390625 0.13281191885471343994140625 
0.2766434252262115478515625 0.34053981304168701171875 0.3750940263271331787109375 0.3203969299793243408203125 0.1985132992267608642578125 
0.21593581140041351318359375 0.2518743574619293212890625 0.2914259731769561767578125 0.257320940494537353515625 0.11399553716182708740234375 
0.03444693982601165771484375 0.0336461365222930908203125 0.073145158588886260986328125 0.076779685914516448974609375 -0.000904961838386952877044677734375 

-0.1122652590274810791015625 -0.076192080974578857421875 -0.093596465885639190673828125 -0.10166537761688232421875 -0.0406300127506256103515625 
-0.14919714629650115966796875 -0.1725219190120697021484375 -0.1735434234142303466796875 -0.137620985507965087890625 -0.08443643152713775634765625 
-0.206525504589080810546875 -0.2652347385883331298828125 -0.25132119655609130859375 -0.1941758692264556884765625 -0.10970483720302581787109375 
-0.15727703273296356201171875 -0.23116417229175567626953125 -0.19825048744678497314453125 -0.097378037869930267333984375 -0.03080501593649387359619140625 
-0.0595090426504611968994140625 -0.14857710897922515869140625 -0.113919682800769805908203125 0.0110215581953525543212890625 0.092360042035579681396484375 

0.034135520458221435546875 0.0469679720699787139892578125 0.02557224594056606292724609375 0.0513985268771648406982421875 0.15596993267536163330078125 
-0.0738246142864227294921875 -0.12509824335575103759765625 -0.115150369703769683837890625 -0.041723720729351043701171875 0.085979692637920379638671875 
-0.200319468975067138671875 -0.291043758392333984375 -0.259415149688720703125 -0.14059995114803314208984375 0.04765547811985015869140625 
-0.16974799335002899169921875 -0.2750759124755859375 -0.227308690547943115234375 -0.0517152883112430572509765625 0.13105356693267822265625 
-0.0372745208442211151123046875 -0.1398052275180816650390625 -0.0935947597026824951171875 0.0936048924922943115234375 0.287317752838134765625 


0.0598625876009464263916015625 -0.15486215054988861083984375 -0.16693723201751708984375 -0.029141001403331756591796875 0.11664949357509613037109375 
0.2646025717258453369140625 -0.005692307837307453155517578125 -0.21235258877277374267578125 -0.22519530355930328369140625 -0.03019366972148418426513671875 
0.2955557405948638916015625 0.11123184859752655029296875 -0.1088587939739227294921875 -0.300755918025970458984375 -0.2289889752864837646484375 
0.22704164683818817138671875 0.13854114711284637451171875 -0.0057581593282520771026611328125 -0.18422220647335052490234375 -0.26724255084991455078125 
0.1679774224758148193359375 0.113986492156982421875 0.021169126033782958984375 -0.056138508021831512451171875 -0.18300412595272064208984375 

-0.0455687940120697021484375 -0.22836677730083465576171875 -0.2511298954486846923828125 -0.1273143589496612548828125 0.009680421091616153717041015625 
0.184367656707763671875 -0.0388246588408946990966796875 -0.2285021841526031494140625 -0.24983499944210052490234375 -0.070678465068340301513671875 
0.23098377883434295654296875 0.096336148679256439208984375 -0.0820223987102508544921875 -0.2617771327495574951171875 -0.2046182453632354736328125 
0.16910494863986968994140625 0.12084989249706268310546875 0.02121259085834026336669921875 -0.124424733221530914306640625 -0.2076222896575927734375 
0.13171152770519256591796875 0.107816986739635467529296875 0.045183517038822174072265625 -0.0071251024492084980010986328125 -0.118795402348041534423828125 

0.00962346605956554412841796875 -0.1258802115917205810546875 -0.1267558634281158447265625 0.0182406716048717498779296875 0.137301921844482421875 
0.180643618106842041015625 0.011038538999855518341064453125 -0.13592500984668731689453125 -0.12634997069835662841796875 0.0580267049372196197509765625 
0.194995820522308349609375 0.11152136325836181640625 -0.0244843326508998870849609375 -0.17702184617519378662109375 -0.11077140271663665771484375 
0.142550408840179443359375 0.13707967102527618408203125 0.055880077183246612548828125 -0.0825433433055877685546875 -0.15948782861232757568359375 
0.131399810314178466796875 0.135214626789093017578125 0.08342681825160980224609375 0.0270869433879852294921875 -0.081766985356807708740234375 


-0.19862361252307891845703125 -0.1523924767971038818359375 -0.088984549045562744140625 -0.0770857632160186767578125 -0.07357545197010040283203125 
0.02907079271972179412841796875 0.064282856881618499755859375 0.0318562053143978118896484375 0.0337854214012622833251953125 0.00077583431266248226165771484375 
0.1612932980060577392578125 0.1910836696624755859375 0.1146030128002166748046875 0.090118147432804107666015625 0.063199050724506378173828125 
0.237115204334259033203125 0.23289668560028076171875 0.1603284776210784912109375 0.10888470709323883056640625 0.09192812442779541015625 
0.18031086027622222900390625 0.18835844099521636962890625 0.13360734283924102783203125 0.116792730987071990966796875 0.06919075548648834228515625 

-0.03065362758934497833251953125 0.0267374552786350250244140625 0.08244563639163970947265625 0.066734485328197479248046875 0.0472861826419830322265625 
0.1157312095165252685546875 0.1233446896076202392578125 0.037280507385730743408203125 6.88418804202228784561157226562e-05 -0.043324731290340423583984375 
0.140891134738922119140625 0.102059297263622283935546875 -0.0610407851636409759521484375 -0.1182710826396942138671875 -0.12518171966075897216796875 
0.14102683961391448974609375 0.035365141928195953369140625 -0.111999042332172393798828125 -0.14927208423614501953125 -0.117367379367351531982421875 
0.063016436994075775146484375 -0.02226754464209079742431640625 -0.1155455410480499267578125 -0.097868330776691436767578125 -0.093421749770641326904296875 

0.078043758869171142578125 0.13707242906093597412109375 0.15254442393779754638671875 0.113173790276050567626953125 0.07032491266727447509765625 
0.2668745815753936767578125 0.2501924932003021240234375 0.1016803085803985595703125 0.015003182925283908843994140625 -0.0391274355351924896240234375 
0.2808568775653839111328125 0.20725502073764801025390625 -0.02670531533658504486083984375 -0.1472641527652740478515625 -0.17387880384922027587890625 
0.23299662768840789794921875 0.100737236440181732177734375 -0.10544802248477935791015625 -0.19405575096607208251953125 -0.1836843788623809814453125 
0.101325400173664093017578125 -0.014337833039462566375732421875 -0.1412994861602783203125 -0.15012323856353759765625 -0.1597233116626739501953125 


-0.15050633251667022705078125 -0.1404628753662109375 -0.0961991250514984130859375 -0.196745336055755615234375 -0.2108921110630035400390625 
-0.135051727294921875 -0.200271189212799072265625 -0.2489143311977386474609375 -0.2705689370632171630859375 -0.067241095006465911865234375 
-0.0599945299327373504638671875 -0.14622366428375244140625 -0.18407197296619415283203125 -0.00286329141817986965179443359375 0.11694705486297607421875 
-0.01332637481391429901123046875 0.000244958151597529649734497070312 0.092336177825927734375 0.15035884082317352294921875 -0.006697616539895534515380859375 
-0.01112976484000682830810546875 0.008031814359128475189208984375 -0.00136963906697928905487060546875 -0.1495649814605712890625 -0.20052696764469146728515625 

0.241507112979888916015625 0.2765449583530426025390625 0.32138538360595703125 0.19537103176116943359375 0.117676086723804473876953125 
0.3125031292438507080078125 0.2887795865535736083984375 0.2325673997402191162109375 0.16849689185619354248046875 0.292847454547882080078125 
0.364252507686614990234375 0.3113512098789215087890625 0.269599378108978271484375 0.3883601129055023193359375 0.4133721292018890380859375 
0.2908371388912200927734375 0.3276936113834381103515625 0.4179852008819580078125 0.420865476131439208984375 0.18555806577205657958984375 
0.16976810991764068603515625 0.20255172252655029296875 0.19095708429813385009765625 0.010459342040121555328369140625 -0.09603209793567657470703125 

-0.093094013631343841552734375 -0.11777596175670623779296875 -0.0579830743372440338134765625 -0.14420081675052642822265625 -0.17680992186069488525390625 
-0.118265807628631591796875 -0.21039591729640960693359375 -0.2564738690853118896484375 -0.2877130210399627685546875 -0.114888362586498260498046875 
-0.105216152966022491455078125 -0.2365109920501708984375 -0.2875776588916778564453125 -0.1401673257350921630859375 -0.0136997215449810028076171875 
-0.151741802692413330078125 -0.19750861823558807373046875 -0.141710340976715087890625 -0.085441313683986663818359375 -0.16632263362407684326171875 
-0.16658301651477813720703125 -0.20516730844974517822265625 -0.23209266364574432373046875 -0.33370101451873779296875 -0.299889504909515380859375 


-1.02562689789920113980770111084e-05 -9.84545749815879389643669128418e-06 -2.86926319859048817306756973267e-06 -4.7938456191332079470157623291e-06 3.86958618037169799208641052246e-06 
6.7968085204483941197395324707e-06 -9.18892146728467196226119995117e-06 -1.09731990960426628589630126953e-05 -1.09450738818850368261337280273e-05 -1.1028029121007421053946018219e-06 
5.54253392692771740257740020752e-06 4.050356892548734322190284729e-06 -1.53829489590862067416310310364e-06 -9.36535798246040940284729003906e-06 2.06687582249287515878677368164e-06 
1.89655381177544768434017896652e-07 -4.74735486477584345266222953796e-07 1.97676854440942406654357910156e-06 -3.5244343052909243851900100708e-06 -4.88171053802943788468837738037e-06 
7.69835696701193228363990783691e-06 -2.0090351426915731281042098999e-06 -8.55517009767936542630195617676e-06 2.49492427428776863962411880493e-06 4.321678659380268072709441185e-07 

2.54931228482746519148349761963e-06 2.23260303755523636937141418457e-06 -6.51161326459259726107120513916e-06 8.0448180597159080207347869873e-06 -1.04069067674572579562664031982e-05 
-1.03730562841519713401794433594e-05 1.0097097401740029454231262207e-05 -8.10841993370559066534042358398e-06 -5.35919468802603660151362419128e-07 -6.75134333505411632359027862549e-06 
6.85530494592967443168163299561e-06 -5.61855358682805672287940979004e-06 -3.60309650204726494848728179932e-06 9.09865411813370883464813232422e-06 -3.89597244065953418612480163574e-06 
6.17119303569779731333255767822e-06 2.83022541225363966077566146851e-06 -1.15447783173294737935066223145e-05 -6.0443067013693507760763168335e-06 6.65155266688088886439800262451e-06 
1.52281586451863404363393783569e-06 6.90257274982286617159843444824e-06 -5.10392601427156478166580200195e-06 -6.93399033480091020464897155762e-06 -7.53347785575897432863712310791e-06 

2.52333620665012858808040618896e-06 -9.53822836891049519181251525879e-06 4.25330790676525793969631195068e-06 6.93900710757588967680931091309e-06 5.4397805797634646296501159668e-06 
-7.7531276474473997950553894043e-06 -2.54671272159612271934747695923e-06 -4.55014560429845005273818969727e-06 -1.68618532825348665937781333923e-06 -6.59376746625639498233795166016e-06 
-3.66735571333265397697687149048e-06 3.67087807262578280642628669739e-07 -8.5191031757858581840991973877e-06 1.24354869512899313122034072876e-06 -1.1905585779459215700626373291e-05 
-4.14785108659998513758182525635e-06 -3.7378060824266867712140083313e-06 -4.94921323479502461850643157959e-06 5.66140261071268469095230102539e-06 -5.89299133935128338634967803955e-06 
2.36487630900228396058082580566e-06 2.08461344186616770457476377487e-07 9.89665477391099557280540466309e-06 4.46679223387036472558975219727e-06 7.4375980148033704608678817749e-06 


-0.01964854635298252105712890625 -0.051389880478382110595703125 -0.02649594843387603759765625 -0.02571812830865383148193359375 -0.02856734208762645721435546875 
-0.1510851681232452392578125 -0.17751727998256683349609375 -0.14775693416595458984375 -0.0913662016391754150390625 -0.0404266007244586944580078125 
-0.1864985525608062744140625 -0.1984947025775909423828125 -0.162572383880615234375 -0.09996591508388519287109375 -0.02404675818979740142822265625 
-0.15605758130550384521484375 -0.16335268318653106689453125 -0.100370995700359344482421875 -0.01826978288590908050537109375 0.0418050400912761688232421875 
-0.0389381013810634613037109375 -0.0878574550151824951171875 -0.032578803598880767822265625 0.05001507699489593505859375 0.0570905245840549468994140625 

-0.014870137907564640045166015625 0.01905101723968982696533203125 0.07022087275981903076171875 0.04521457850933074951171875 -0.020857371389865875244140625 
-0.12595005333423614501953125 -0.06735454499721527099609375 -0.0031663016416132450103759765625 0.0192467272281646728515625 0.00230163079686462879180908203125 
-0.1922927796840667724609375 -0.120279960334300994873046875 -0.0345316939055919647216796875 0.006698134355247020721435546875 0.02147593535482883453369140625 
-0.2209480702877044677734375 -0.164348185062408447265625 -0.0473846457898616790771484375 0.02685457281768321990966796875 0.041854538023471832275390625 
-0.1546355187892913818359375 -0.1604721546173095703125 -0.070304788649082183837890625 0.0124194920063018798828125 0.0023079733364284038543701171875 

0.11990030109882354736328125 0.221030056476593017578125 0.2858096659183502197265625 0.23293550312519073486328125 0.108783967792987823486328125 
0.0430283881723880767822265625 0.17686699330806732177734375 0.2578712403774261474609375 0.2516901195049285888671875 0.17556075751781463623046875 
-0.00883842818439006805419921875 0.140689849853515625 0.24963748455047607421875 0.2637177407741546630859375 0.2178671658039093017578125 
-0.047838203608989715576171875 0.083169899880886077880859375 0.22743003070354461669921875 0.273933887481689453125 0.225779354572296142578125 
-0.01822175644338130950927734375 0.039637528359889984130859375 0.15836475789546966552734375 0.22698576748371124267578125 0.1637456119060516357421875 


-0.005437053740024566650390625 -0.115424029529094696044921875 -0.1061654388904571533203125 -0.084431827068328857421875 -0.0394688732922077178955078125 
-0.1689424216747283935546875 -0.264290988445281982421875 -0.21952758729457855224609375 -0.179983198642730712890625 -0.108286090195178985595703125 
-0.11505074799060821533203125 -0.20098309218883514404296875 -0.14413647353649139404296875 -0.15069760382175445556640625 -0.13877914845943450927734375 
-0.197049319744110107421875 -0.3244488537311553955078125 -0.306099236011505126953125 -0.2800918519496917724609375 -0.2522570192813873291015625 
-0.265368163585662841796875 -0.3663200438022613525390625 -0.309346854686737060546875 -0.2661423981189727783203125 -0.2172719538211822509765625 

0.09884957969188690185546875 0.04817576706409454345703125 0.0378145985305309295654296875 0.024197876453399658203125 0.0371841378509998321533203125 
0.0433765314519405364990234375 0.02388283424079418182373046875 0.051258563995361328125 0.056332908570766448974609375 0.090261228382587432861328125 
0.20739711821079254150390625 0.1963846683502197265625 0.22751833498477935791015625 0.16913449764251708984375 0.1341249644756317138671875 
0.17727102339267730712890625 0.11753141880035400390625 0.102309413254261016845703125 0.0618716292083263397216796875 0.03024033270776271820068359375 
0.0590250790119171142578125 0.02916407398879528045654296875 0.0513550378382205963134765625 0.0324521400034427642822265625 0.028303623199462890625 

0.105641178786754608154296875 0.060700893402099609375 0.0016518910415470600128173828125 -0.075596518814563751220703125 -0.111132167279720306396484375 
0.11844955384731292724609375 0.11743295192718505859375 0.104389332234859466552734375 0.0397547073662281036376953125 0.000423082994529977440834045410156 
0.312686145305633544921875 0.3225152492523193359375 0.316962778568267822265625 0.19090425968170166015625 0.08431236445903778076171875 
0.296318709850311279296875 0.2571668922901153564453125 0.21050633490085601806640625 0.0998181402683258056640625 -0.000132611967273987829685211181641 
0.16139698028564453125 0.15861426293849945068359375 0.159825861454010009765625 0.0767095386981964111328125 0.002156329341232776641845703125 


0.010272343643009662628173828125 -0.00219252821989357471466064453125 -0.100748755037784576416015625 -0.13177151978015899658203125 0.2933048307895660400390625 
-0.0040134987793862819671630859375 0.228591024875640869140625 -0.276230394840240478515625 -0.637312352657318115234375 0.58393085002899169921875 
-0.1097176373004913330078125 0.517019748687744140625 0.0277436785399913787841796875 -1.112864017486572265625 0.5641000270843505859375 
-0.1903772056102752685546875 0.336069643497467041015625 0.411210000514984130859375 -0.875232160091400146484375 0.263472378253936767578125 
-0.0621208809316158294677734375 0.09196792542934417724609375 0.306540012359619140625 -0.3632345497608184814453125 0.17835710942745208740234375 

0.016156829893589019775390625 0.082829497754573822021484375 -0.111824817955493927001953125 -0.25628697872161865234375 0.23641340434551239013671875 
0.07676355540752410888671875 0.370673656463623046875 -0.2735554277896881103515625 -0.7503147125244140625 0.537146031856536865234375 
-0.02166204154491424560546875 0.64121723175048828125 0.052095986902713775634765625 -1.20018827915191650390625 0.516324818134307861328125 
-0.099327266216278076171875 0.4503557682037353515625 0.438211500644683837890625 -0.9361512660980224609375 0.22122196853160858154296875 
-0.060311295092105865478515625 0.13524614274501800537109375 0.2774426639080047607421875 -0.4497775137424468994140625 0.10104422271251678466796875 

-0.1447649896144866943359375 0.0228547640144824981689453125 -0.0546913929283618927001953125 -0.13009704649448394775390625 0.2469138205051422119140625 
-0.0965919792652130126953125 0.25630342960357666015625 -0.2203703224658966064453125 -0.590382635593414306640625 0.561866283416748046875 
-0.17994202673435211181640625 0.530933916568756103515625 0.1040909290313720703125 -1.031172275543212890625 0.56029832363128662109375 
-0.2563203275203704833984375 0.3818066418170928955078125 0.5042705535888671875 -0.80136024951934814453125 0.2388357818126678466796875 
-0.20938493311405181884765625 0.104041300714015960693359375 0.3565347194671630859375 -0.332113444805145263671875 0.093637384474277496337890625 


0.08704827725887298583984375 0.1812021434307098388671875 -0.1586106121540069580078125 -0.31228458881378173828125 -0.148848116397857666015625 
-0.0216464810073375701904296875 0.4513750374317169189453125 0.53626155853271484375 0.1056959331035614013671875 -0.2354785501956939697265625 
-0.21764956414699554443359375 -0.1206496059894561767578125 0.44127178192138671875 0.6762845516204833984375 0.284393966197967529296875 
-0.2045899331569671630859375 -0.681556761264801025390625 -0.675042688846588134765625 -0.122724898159503936767578125 0.13111217319965362548828125 
0.18050442636013031005859375 0.0955707132816314697265625 -0.24019984900951385498046875 -0.2289350926876068115234375 0.014826382510364055633544921875 

0.0499454252421855926513671875 0.14364011585712432861328125 -0.17153799533843994140625 -0.2849970161914825439453125 -0.12259732186794281005859375 
-0.07378201186656951904296875 0.413984000682830810546875 0.528842151165008544921875 0.116386570036411285400390625 -0.240760862827301025390625 
-0.23509578406810760498046875 -0.12081371247768402099609375 0.4514507949352264404296875 0.6742784976959228515625 0.2820587158203125 
-0.17228221893310546875 -0.637467563152313232421875 -0.658975183963775634765625 -0.11223931610584259033203125 0.13098759949207305908203125 
0.260493814945220947265625 0.191297829151153564453125 -0.1797622144222259521484375 -0.203604161739349365234375 0.010927313007414340972900390625 

0.06821201741695404052734375 0.150351107120513916015625 -0.190040767192840576171875 -0.309108555316925048828125 -0.16166560351848602294921875 
-0.02137855999171733856201171875 0.4349883496761322021484375 0.510286867618560791015625 0.070608556270599365234375 -0.2975846827030181884765625 
-0.17215500771999359130859375 -0.063354052603244781494140625 0.4654531180858612060546875 0.631997764110565185546875 0.22568671405315399169921875 
-0.14590884745121002197265625 -0.574379861354827880859375 -0.60393536090850830078125 -0.1116535663604736328125 0.098223812878131866455078125 
0.2274861037731170654296875 0.1690563857555389404296875 -0.18358077108860015869140625 -0.2173668444156646728515625 -0.036731772124767303466796875 


-0.16674475371837615966796875 0.13403527438640594482421875 0.42333376407623291015625 0.066707670688629150390625 -0.15020529925823211669921875 
0.02374689839780330657958984375 0.599875032901763916015625 0.2343851625919342041015625 -0.6312434673309326171875 -0.18571014702320098876953125 
0.458453238010406494140625 0.411324083805084228515625 -0.747975647449493408203125 -0.783811271190643310546875 0.3701831400394439697265625 
0.1224116981029510498046875 -0.44653236865997314453125 -0.87084043025970458984375 0.180569231510162353515625 0.558740675449371337890625 
0.02605255879461765289306640625 -0.21354015171527862548828125 0.08518700301647186279296875 0.4853201210498809814453125 -0.01742443256080150604248046875 

-0.1332261264324188232421875 0.110519461333751678466796875 0.357195377349853515625 0.0299477390944957733154296875 -0.18475253880023956298828125 
0.0299994833767414093017578125 0.562248051166534423828125 0.19810949265956878662109375 -0.619528830051422119140625 -0.18035100400447845458984375 
0.40940082073211669921875 0.3418727815151214599609375 -0.7508890628814697265625 -0.724505364894866943359375 0.4109725058078765869140625 
0.011486818082630634307861328125 -0.529216587543487548828125 -0.844860732555389404296875 0.26193463802337646484375 0.612173259258270263671875 
-0.147450506687164306640625 -0.2911712229251861572265625 0.10397256910800933837890625 0.534513950347900390625 0.000708915642462670803070068359375 

-0.21977786719799041748046875 0.0275156162679195404052734375 0.3027679026126861572265625 0.0272757709026336669921875 -0.21646367013454437255859375 
-0.064881168305873870849609375 0.5129935741424560546875 0.23742310702800750732421875 -0.535027563571929931640625 -0.187062799930572509765625 
0.393090188503265380859375 0.417568504810333251953125 -0.594912111759185791015625 -0.6227715015411376953125 0.360935628414154052734375 
0.06582920253276824951171875 -0.3972686827182769775390625 -0.700411856174468994140625 0.27663743495941162109375 0.53761279582977294921875 
-0.09641124308109283447265625 -0.194057762622833251953125 0.16310976445674896240234375 0.506509006023406982421875 -0.0424756444990634918212890625 


-0.02931104414165019989013671875 0.0310678668320178985595703125 0.002463397569954395294189453125 -0.058977417647838592529296875 -0.13096959888935089111328125 
-0.287810266017913818359375 -0.439790308475494384765625 -0.408485710620880126953125 -0.3207043111324310302734375 -0.26155865192413330078125 
-0.0443089865148067474365234375 -0.2458343803882598876953125 -0.3773061335086822509765625 -0.22510230541229248046875 -0.01720160059630870819091796875 
0.2324611246585845947265625 0.4141775071620941162109375 0.366623342037200927734375 0.2794564068317413330078125 0.263528048992156982421875 
0.12527288496494293212890625 0.2736447155475616455078125 0.3231584131717681884765625 0.2598648965358734130859375 0.22198607027530670166015625 

0.061982400715351104736328125 0.181507110595703125 0.19318570196628570556640625 0.12920661270618438720703125 0.0441854856908321380615234375 
-0.19522352516651153564453125 -0.3121492564678192138671875 -0.2670954167842864990234375 -0.19672842323780059814453125 -0.16362239420413970947265625 
-0.0163212902843952178955078125 -0.2186623513698577880859375 -0.3632135689258575439453125 -0.2264800369739532470703125 -0.043042279779911041259765625 
0.1662234961986541748046875 0.3165886700153350830078125 0.246997356414794921875 0.1501838266849517822265625 0.104058913886547088623046875 
0.0493981838226318359375 0.13452439010143280029296875 0.15885849297046661376953125 0.092985384166240692138671875 0.045375399291515350341796875 

0.0570521689951419830322265625 0.155006706714630126953125 0.16753864288330078125 0.1194722950458526611328125 0.060904823243618011474609375 
-0.181025922298431396484375 -0.2985642254352569580078125 -0.23174296319484710693359375 -0.1482379734516143798828125 -0.1114641726016998291015625 
-0.030805408954620361328125 -0.24181760847568511962890625 -0.3658406734466552734375 -0.2179342210292816162109375 -0.0393613167107105255126953125 
0.13557045161724090576171875 0.2528057098388671875 0.1783275902271270751953125 0.099557794630527496337890625 0.073343016207218170166015625 
0.04006753861904144287109375 0.100353695452213287353515625 0.1260295212268829345703125 0.06370015442371368408203125 0.02785914205014705657958984375 



0.56764185428619384765625
0.1252501308917999267578125
0.50098598003387451171875
-0.9584090709686279296875
0.069230072200298309326171875
-9.73734131548553705215454101562e-06
-0.4465377330780029296875
0.113296695053577423095703125
-0.00754815898835659027099609375
-0.02907311916351318359375
0.04063327610492706298828125
-0.043090023100376129150390625
