0.1704845428466796875
-0.14904274046421051025390625
-0.0843926370143890380859375
0.050533734261989593505859375
0.095783166587352752685546875
-0.21184201538562774658203125
-0.00355854816734790802001953125
-0.086797572672367095947265625
-0.080926127731800079345703125
0.142983257770538330078125
-0.0947315394878387451171875
0.11280961334705352783203125
0.005488954484462738037109375
0.071868754923343658447265625
-0.07718364894390106201171875
0.13882566988468170166015625
0.162062466144561767578125
0.015445441938936710357666015625
-0.041381888091564178466796875
-0.109815858304500579833984375
-0.2666784226894378662109375
-0.0577653832733631134033203125
-0.0453725494444370269775390625
-0.142912685871124267578125
0.1434222161769866943359375
-0.12626241147518157958984375
-0.1324146091938018798828125
0.2107363641262054443359375
-0.19923500716686248779296875
0.138243377208709716796875
-0.083770684897899627685546875
-0.048269741237163543701171875
0.01692547462880611419677734375
-0.075041167438030242919921875
-0.1918660104274749755859375
-0.1037120819091796875
-0.17702014744281768798828125
-0.341349780559539794921875
0.1254246234893798828125
-0.1045834124088287353515625
-0.01908290386199951171875
-0.2580836713314056396484375
0.15219080448150634765625
-0.09845368564128875732421875
-0.034925363957881927490234375
-0.113812983036041259765625
-0.2079141438007354736328125
0.012882538139820098876953125
-0.12207607924938201904296875
-0.079189769923686981201171875
-0.101428769528865814208984375
0.0610319264233112335205078125
-0.083143271505832672119140625
0.023506604135036468505859375
-0.010590680874884128570556640625
0.0536618344485759735107421875
-0.2240978181362152099609375
0.1413471698760986328125
0.110550589859485626220703125
0.069506816565990447998046875
-0.107385061681270599365234375
0.050962530076503753662109375
0.02526434697210788726806640625
-0.1707900464534759521484375
0.0735128223896026611328125
0.0062063089571893215179443359375
-0.081517674028873443603515625
-0.025263451039791107177734375
-0.14796267449855804443359375
0.12814407050609588623046875
0.14313672482967376708984375
-0.18258254230022430419921875
-0.22803159058094024658203125
0.02441551722586154937744140625
-0.03347431123256683349609375
0.110724680125713348388671875
0.16593135893344879150390625
0.15545667707920074462890625
-0.14771018922328948974609375
-0.1681371033191680908203125
0.11947603523731231689453125
-0.0695713460445404052734375
-0.2045648396015167236328125
-0.2658337056636810302734375
-0.000917520257644355297088623046875
0.15508806705474853515625
-0.118917517364025115966796875
0.100416921079158782958984375
-0.067672200500965118408203125
-0.3203490078449249267578125
-0.1534460484981536865234375
-0.064433701336383819580078125
0.03505122661590576171875
-0.1433770954608917236328125
-0.16955816745758056640625
-0.105829365551471710205078125
0.0543673820793628692626953125
0.0436944030225276947021484375
0.115351431071758270263671875
0.0360259227454662322998046875
0.098878927528858184814453125
0.1473694145679473876953125
0.0125757865607738494873046875
0.07989139854907989501953125
0.0193139575421810150146484375
-0.0318219475448131561279296875
-0.19011224806308746337890625
0.0054995822720229625701904296875
-0.0872483551502227783203125
0.1328825056552886962890625
-0.18852452933788299560546875
-0.0584877617657184600830078125
-0.117893658578395843505859375
0.0340062193572521209716796875
0.13247446715831756591796875
0.069921888411045074462890625
-0.09935720264911651611328125
-0.08705686032772064208984375
-0.07831947505474090576171875
0.08153222501277923583984375
-0.0347631461918354034423828125
0.0217488147318363189697265625
-0.24421779811382293701171875
-0.1374212205410003662109375
0.06876944005489349365234375
0.12673486769199371337890625
-0.156468927860260009765625
-0.060047663748264312744140625
-0.295513570308685302734375
-0.02760642953217029571533203125
-0.075623609125614166259765625
0.03088727034628391265869140625
-0.2661666572093963623046875
-0.0548440776765346527099609375
-0.08633546531200408935546875
-0.088117115199565887451171875
0.10551021993160247802734375
-0.2842123210430145263671875
-0.02602200023829936981201171875
0.002218375913798809051513671875
0.02124810405075550079345703125
-0.063051320612430572509765625
0.0171176977455615997314453125
-0.17231051623821258544921875
0.0194752551615238189697265625
-0.07688201963901519775390625
-0.04518507421016693115234375
0.1208865344524383544921875
0.093201316893100738525390625
-0.0878841876983642578125
0.004171031527221202850341796875
-0.078626699745655059814453125
-0.00952682830393314361572265625
-0.3037050068378448486328125
-0.13786260783672332763671875
-0.3020186722278594970703125
-0.01396973244845867156982421875
-0.204181253910064697265625
0.01898190192878246307373046875
-0.19647265970706939697265625
0.13175766170024871826171875
-0.14196325838565826416015625
-0.0622693337500095367431640625
-0.1641507446765899658203125
0.14384233951568603515625
-0.15290080010890960693359375
0.1475718915462493896484375
0.124103538691997528076171875
0.113748751580715179443359375
0.004578315652906894683837890625
0.102191962301731109619140625
0.096675813198089599609375
-0.137397289276123046875
-0.02086688019335269927978515625
0.047797977924346923828125
0.075431294739246368408203125
0.121838875114917755126953125
-0.1414587497711181640625
-0.1325613558292388916015625
-0.11821652948856353759765625
0.18099319934844970703125
0.115725338459014892578125
-0.09122435748577117919921875
0.06908224523067474365234375
-0.01827300153672695159912109375
0.08357436954975128173828125
0.1224273145198822021484375
-0.13577936589717864990234375
-0.06131458282470703125
-0.1233496367931365966796875
0.287015497684478759765625
-0.0431344807147979736328125
0.07479427754878997802734375
-0.086612813174724578857421875
0.05714683234691619873046875
-0.08182148635387420654296875
-0.15767167508602142333984375
-0.031368590891361236572265625
0.0599983818829059600830078125
-0.16198848187923431396484375
0.16264928877353668212890625
-0.120894812047481536865234375
-0.073838807642459869384765625
-0.1961348056793212890625
0.113250903785228729248046875
-0.14655520021915435791015625
-0.2549564540386199951171875
-0.0852637588977813720703125
-0.075029194355010986328125
-0.16940708458423614501953125
-0.123381793498992919921875
-0.06792543828487396240234375
0.13511119782924652099609375
-0.0334464572370052337646484375
-0.16069965064525604248046875
-0.2586615383625030517578125
-0.072312675416469573974609375
0.096422255039215087890625
-0.144685089588165283203125
-0.1337924897670745849609375
-0.2421371936798095703125
0.101589880883693695068359375
-0.04764139652252197265625
-0.086234033107757568359375
0.003908090293407440185546875
0.18863563239574432373046875
0.0688464641571044921875
-0.21170578896999359130859375
-0.135601460933685302734375
-0.091702640056610107421875
0.2965958416461944580078125
0.109706439077854156494140625
-0.013493885286152362823486328125
-0.073998160660266876220703125
0.067388437688350677490234375
0.006015069782733917236328125
-0.159368932247161865234375
-0.0260055363178253173828125
0.0073389033786952495574951171875
-0.1865001618862152099609375
0.084630481898784637451171875
0.0583823882043361663818359375
0.072550468146800994873046875
0.0616007484495639801025390625
0.050730936229228973388671875
0.07229129970073699951171875
0.059587083756923675537109375
-0.099146120250225067138671875
0.074196703732013702392578125
-0.1751444339752197265625
-0.15839742124080657958984375
-0.11309884488582611083984375
-0.09122957289218902587890625
-0.112780638039112091064453125
0.00237192376516759395599365234375
0.0495642311871051788330078125
0.043025456368923187255859375
0.12079064548015594482421875
0.082235388457775115966796875
-0.097297094762325286865234375
0.09905914962291717529296875
-0.091162584722042083740234375
0.0694102346897125244140625
0.105426490306854248046875
-0.05070967972278594970703125
-0.1236507594585418701171875
-0.07395140826702117919921875
-0.1091411113739013671875
-0.1235810816287994384765625
0.23485381901264190673828125
-0.1670159399509429931640625
0.161774694919586181640625
-0.09690804779529571533203125
-0.09867788851261138916015625
-0.111412502825260162353515625
-0.092251248657703399658203125
-0.01856636069715023040771484375
0.108978696167469024658203125
0.07392401993274688720703125
0.13753376901149749755859375
-0.20238192379474639892578125
-0.13662283122539520263671875
-0.119439713656902313232421875
-0.0347441546618938446044921875
0.11822699010372161865234375
-0.015180078335106372833251953125
0.22322283685207366943359375
-0.02184574119746685028076171875
-0.3160798251628875732421875
0.083695672452449798583984375
-0.0513490103185176849365234375
-0.2039860785007476806640625
-0.1793189942836761474609375
0.0229308046400547027587890625
0.13337107002735137939453125
-0.09979784488677978515625
-0.145650386810302734375
-0.1208716332912445068359375
8.9063891209661960601806640625e-05
-0.258791446685791015625
0.0191660933196544647216796875
-0.095282427966594696044921875
0.07475329935550689697265625
-0.080989517271518707275390625
-0.16533695161342620849609375
0.095619656145572662353515625
0.102142579853534698486328125
0.03852002322673797607421875
0.1026863753795623779296875
0.009259014390408992767333984375
-0.12365420162677764892578125
-0.0444097556173801422119140625
-0.074550621211528778076171875
-0.14781548082828521728515625
-0.02884610556066036224365234375
-0.1948192417621612548828125
-0.111270777881145477294921875
-0.14138121902942657470703125
-0.02002526819705963134765625
0.05815209448337554931640625
-0.003657114692032337188720703125
-0.21087706089019775390625
-0.0276057757437229156494140625
-0.1171391904354095458984375
-0.15179406106472015380859375
0.07431332767009735107421875
0.0438182391226291656494140625
0.08787591755390167236328125
0.170081555843353271484375
0.0746105015277862548828125
0.113240189850330352783203125
-0.042118884623050689697265625
-0.114046834409236907958984375
-0.14559863507747650146484375
-0.112032778561115264892578125
-0.096672229468822479248046875
0.0159771852195262908935546875
-0.081375591456890106201171875
-0.2064913809299468994140625
0.000500701251439750194549560546875
0.091613166034221649169921875
-0.142732441425323486328125
-0.1086411178112030029296875
-0.038373820483684539794921875
0.07476027309894561767578125
0.0205509178340435028076171875
-0.0392111800611019134521484375
-0.17724557220935821533203125
-0.02722102217376232147216796875
-0.00164465955458581447601318359375
-0.156210720539093017578125
-0.174522340297698974609375
-0.071806691586971282958984375
-0.102833949029445648193359375
0.01093837432563304901123046875
0.104657746851444244384765625
0.17383961379528045654296875
-0.1343959271907806396484375
-0.100864030420780181884765625
-0.136298716068267822265625
-0.24113629758358001708984375
-0.08016555011272430419921875
-0.14310182631015777587890625
0.06037835776805877685546875
0.135452330112457275390625
0.015137475915253162384033203125
-0.23567686975002288818359375
0.0177981741726398468017578125
0.098949037492275238037109375
-0.1088143289089202880859375
-0.1434848010540008544921875
-0.190744817256927490234375
-0.076798595488071441650390625
-0.1861930191516876220703125
0.112149663269519805908203125
0.039450295269489288330078125
0.301428496837615966796875
-0.11571979522705078125
-0.2006892859935760498046875
0.1547987163066864013671875
0.099465630948543548583984375
0.14086334407329559326171875
0.08492423593997955322265625
-0.081201933324337005615234375
-0.16477142274379730224609375
0.1530371010303497314453125
-0.01816901750862598419189453125
-0.0892676413059234619140625
-0.2440344393253326416015625
-0.2156708538532257080078125
-0.17702202498912811279296875
0.074674785137176513671875
0.091140843927860260009765625
-0.00211339234374463558197021484375
0.004035026766359806060791015625
-0.0352916419506072998046875
0.030745230615139007568359375
-0.13554359972476959228515625
0.19690261781215667724609375
0.07802544534206390380859375
-0.2991313934326171875
-0.0136340372264385223388671875
-0.14016087353229522705078125
-0.141758739948272705078125
0.03261996805667877197265625
-0.0116535723209381103515625
-0.1308636963367462158203125
-0.0550168789923191070556640625
0.0239901132881641387939453125
-0.1981503665447235107421875
0.10709835588932037353515625
0.03032905794680118560791015625
0.11047111451625823974609375
-0.085469327867031097412109375
-0.20983421802520751953125
0.091393284499645233154296875
-0.08538101613521575927734375
0.0500474385917186737060546875
0.1489717066287994384765625
-0.14525520801544189453125
-0.127790868282318115234375
-0.1367818415164947509765625
-0.08641557395458221435546875
-0.099286973476409912109375
0.00310969469137489795684814453125
-0.12878859043121337890625
0.047063730657100677490234375
0.051557339727878570556640625
0.12906779348850250244140625
-0.06197948753833770751953125
0.008133691735565662384033203125
-0.03100409917533397674560546875
0.0489395074546337127685546875
0.01717311702668666839599609375
0.0430092029273509979248046875
0.08445639908313751220703125
-0.111648619174957275390625
-0.095010854303836822509765625
-0.073006160557270050048828125
-0.20000986754894256591796875
-0.090118832886219024658203125
0.10817204415798187255859375
-0.028475634753704071044921875
0.2101547420024871826171875
-0.14785082638263702392578125
-0.1370937526226043701171875
-0.038611449301242828369140625
-0.0050927735865116119384765625
0.06527431309223175048828125
0.136551201343536376953125
-0.12712271511554718017578125
-0.14937818050384521484375
-0.074355699121952056884765625
-0.03222906589508056640625
-0.0423914603888988494873046875
0.0347375012934207916259765625
-0.2247986495494842529296875
-0.114404201507568359375
-0.14977170526981353759765625
0.097048990428447723388671875
0.07839381694793701171875
-0.1263047754764556884765625
-0.085376203060150146484375
-0.0144066251814365386962890625
-0.088050819933414459228515625
-0.06513319909572601318359375
0.081208355724811553955078125
0.120768271386623382568359375
-0.065206311643123626708984375
0.2666261494159698486328125
-0.0579979084432125091552734375
-0.0232115648686885833740234375
0.01516674645245075225830078125
-0.027183227241039276123046875
-0.0929971635341644287109375
0.115860760211944580078125
-0.072877325117588043212890625
0.063584782183170318603515625
-0.0395340025424957275390625
-0.00494951941072940826416015625
-0.03361435234546661376953125
-0.0249761305749416351318359375
-0.0585787296295166015625
-0.17696802318096160888671875
-0.0060043190605938434600830078125
-0.20220677554607391357421875
-0.07581661641597747802734375
0.02235081233084201812744140625
0.072058163583278656005859375
0.0307794772088527679443359375
0.02444056980311870574951171875
-0.0838508903980255126953125
0.002463635988533496856689453125
-0.089324228465557098388671875
-0.0570356063544750213623046875
0.0615048892796039581298828125
-0.0585948117077350616455078125
0.075288556516170501708984375
-0.2021171748638153076171875
0.068447589874267578125
0.0707276165485382080078125
-0.09075908362865447998046875
-0.1901586055755615234375
-0.1148021221160888671875
-0.09299634397029876708984375
-0.066164202988147735595703125
-0.080606780946254730224609375
-0.066195733845233917236328125
-0.12807939946651458740234375
-0.00190441554877907037734985351562
0.066685058176517486572265625
-0.241011679172515869140625
0.071230016648769378662109375
-0.1918218135833740234375
0.0415484197437763214111328125
0.01127607934176921844482421875
-0.0445406250655651092529296875
-0.2442080080509185791015625
-0.14823071658611297607421875
0.0383524782955646514892578125
0.11275820434093475341796875
-0.2045889794826507568359375
-0.1131800711154937744140625
-0.13710224628448486328125
-0.18122108280658721923828125
0.15307916700839996337890625
0.0439126007258892059326171875
0.13717235624790191650390625
0.0320284180343151092529296875
-0.08693706989288330078125
-0.17553843557834625244140625
-0.023903571069240570068359375
-0.011767760850489139556884765625
-0.110046125948429107666015625
0.1853136718273162841796875
-0.104291625320911407470703125
-0.035872273147106170654296875
-0.049375630915164947509765625
-0.0450787730515003204345703125
-0.1709268987178802490234375
-0.068752236664295196533203125
0.15578746795654296875
-0.0042903372086584568023681640625
0.1696951389312744140625
0.061748109757900238037109375
-0.10857643187046051025390625
-0.1676541864871978759765625
-0.10815370082855224609375
0.010054393671452999114990234375
-0.23422648012638092041015625
0.01637441478669643402099609375
-0.1823139190673828125
-0.127357542514801025390625
-0.0391854345798492431640625
-0.123820401728153228759765625
0.1055068075656890869140625
-0.0027622203342616558074951171875
0.111861996352672576904296875
-0.0070952135138213634490966796875
0.20563437044620513916015625
-0.0356930084526538848876953125
-0.2326214313507080078125
0.04630397260189056396484375
-0.00293289707042276859283447265625
0.00353987258858978748321533203125
0.101869307458400726318359375
-0.12925498187541961669921875
-0.074663840234279632568359375
-0.13479302823543548583984375
0.0549348928034305572509765625
-0.115157507359981536865234375
-0.00646459870040416717529296875
0.0158354341983795166015625
0.0795725882053375244140625
-0.2653946578502655029296875
0.006928461603820323944091796875
0.2090481221675872802734375
-0.043771617114543914794921875
-0.094976000487804412841796875
-0.047441013157367706298828125
0.011397221125662326812744140625
-0.0228471569716930389404296875
0.096229292452335357666015625
-0.0067429360933601856231689453125
0.115349344909191131591796875
0.107471883296966552734375
-0.051616720855236053466796875
-0.1346688568592071533203125
0.12558229267597198486328125
0.11528544127941131591796875
-0.0476937256753444671630859375
0.1839288771152496337890625
-0.1734964847564697265625
-0.23253865540027618408203125
-0.0035729571245610713958740234375
0.1234726607799530029296875
0.08573682606220245361328125
0.107028715312480926513671875
-0.18342696130275726318359375
-0.070902846753597259521484375
-0.01761789061129093170166015625
0.014676614664494991302490234375
0.0924777090549468994140625
-0.0602183230221271514892578125
-0.074726440012454986572265625
0.01022667996585369110107421875
-0.1683651506900787353515625
-0.14273689687252044677734375
0.02555245719850063323974609375
-0.0303728841245174407958984375
-0.066998250782489776611328125
0.10832358896732330322265625
-0.0460253618657588958740234375
-0.068190433084964752197265625
0.199204504489898681640625
-0.0446733944118022918701171875
-0.493826687335968017578125
-0.12379372119903564453125
0.02176170982420444488525390625
0.15132854878902435302734375
-0.097405068576335906982421875
0.21445910632610321044921875
-0.0184277482330799102783203125
-0.01465559192001819610595703125
0.034897483885288238525390625
-0.0356482006609439849853515625
-0.089245736598968505859375
0.12986765801906585693359375
-0.0450952984392642974853515625
0.11868651211261749267578125
-0.09944830834865570068359375
-0.11671052873134613037109375
0.0037641781382262706756591796875
-0.066314987838268280029296875
-0.050671927630901336669921875
-0.110570766031742095947265625
0.108838580548763275146484375
0.02090147696435451507568359375
0.12070123851299285888671875
-0.1747266352176666259765625
0.0449052713811397552490234375
-0.0336406193673610687255859375
-0.07051117718219757080078125
0.1467487812042236328125
-0.051203809678554534912109375
-0.16228087246417999267578125
0.0567726828157901763916015625
0.07082535326480865478515625
0.040751658380031585693359375
0.006894131191074848175048828125
-0.045386008918285369873046875
-0.068355984985828399658203125
-0.16000421345233917236328125
-0.14218771457672119140625
-0.110665179789066314697265625
-0.13726992905139923095703125
0.12820971012115478515625
0.105085127055644989013671875
0.0489312224090099334716796875
0.0297037065029144287109375
-0.105790793895721435546875
0.073246486485004425048828125
-0.013496975414454936981201171875
-0.17470072209835052490234375
-0.080635286867618560791015625
0.0508350320160388946533203125
0.011515214107930660247802734375
0.096309445798397064208984375
0.00713314674794673919677734375
-0.16861982643604278564453125
-0.2355650365352630615234375
-0.074037678539752960205078125
0.20331592857837677001953125
-0.2607828676700592041015625
-0.2043165266513824462890625
-0.0490425787866115570068359375
-0.0462941862642765045166015625
-0.0553444661200046539306640625
-0.257961571216583251953125
0.00288442964665591716766357421875
0.1592569053173065185546875
-0.13735292851924896240234375
-0.24116130173206329345703125
-0.15576426684856414794921875
0.15299893915653228759765625
0.11847238242626190185546875
-0.0513836927711963653564453125
0.079224646091461181640625
0.106145881116390228271484375
-0.07735268771648406982421875
0.0540185607969760894775390625
0.097742460668087005615234375
0.076425723731517791748046875
-0.24930535256862640380859375
0.006936035118997097015380859375
-0.0503239743411540985107421875
0.1412881314754486083984375
0.015525675378739833831787109375
-0.17247545719146728515625
-0.0323232598602771759033203125
-0.08859540522098541259765625
-0.02583583258092403411865234375
-0.1562478244304656982421875
0.12468521296977996826171875
0.16767227649688720703125
0.119325362145900726318359375
0.009229958057403564453125
-0.0443156026303768157958984375
-0.02340129949152469635009765625
0.111068792641162872314453125
-0.09654466807842254638671875
-0.11517564952373504638671875
-0.02252297103404998779296875
-0.0505711771547794342041015625
-0.21766911447048187255859375
-0.0407960154116153717041015625
-0.08888162672519683837890625
0.12673763930797576904296875
-0.20470844209194183349609375
-0.076593734323978424072265625
-0.107629358768463134765625
-0.074575521051883697509765625
0.02649139054119586944580078125
-0.16319842636585235595703125
-0.046324424445629119873046875
-0.086945258080959320068359375
0.118107743561267852783203125
0.09394760429859161376953125
-0.0067886752076447010040283203125
-0.072770841419696807861328125
-0.06730902194976806640625
0.124496519565582275390625
-0.1645869910717010498046875
-0.0033107171766459941864013671875
0.003387973643839359283447265625
-0.14126156270503997802734375
-0.053353540599346160888671875
-0.22646045684814453125
-0.1266597211360931396484375
0.034382008016109466552734375
-0.098515808582305908203125
-0.0409402437508106231689453125
-0.0532378219068050384521484375
0.110754035413265228271484375
0.0077763996087014675140380859375
0.004618362523615360260009765625
-0.074963532388210296630859375
-0.032367311418056488037109375
-0.120981119573116302490234375
0.00221168552525341510772705078125
-0.251941859722137451171875
-0.0405463241040706634521484375
-0.202946186065673828125
-0.01826585270464420318603515625
-0.0977753698825836181640625
0.1954781711101531982421875
-0.2862255871295928955078125
-0.16426284611225128173828125
-0.23319470882415771484375
0.095679514110088348388671875
0.0788782536983489990234375
-0.07501995563507080078125
-0.11131767928600311279296875
-0.227414190769195556640625
0.001326153986155986785888671875
0.16630969941616058349609375
-0.1714055240154266357421875
0.094520628452301025390625
-0.056636802852153778076171875
-0.1940135061740875244140625
-0.13486595451831817626953125
0.08597116172313690185546875
0.111500523984432220458984375
0.073468863964080810546875
0.0992408692836761474609375
-0.0465587638318538665771484375
-0.15603177249431610107421875
0.1318746507167816162109375
0.14418064057826995849609375
-0.070307202637195587158203125
-0.10199843347072601318359375
0.121627509593963623046875
-0.065535165369510650634765625
0.05078043043613433837890625
0.0542525090277194976806640625
-0.0607801415026187896728515625
-0.192757070064544677734375
0.10309664905071258544921875
-0.0694435536861419677734375
0.122817225754261016845703125
0.099994741380214691162109375
-0.16125333309173583984375
0.01891904138028621673583984375
-0.0444265305995941162109375
-0.011366236023604869842529296875
-0.12936107814311981201171875
-0.1430464088916778564453125
-0.10916745662689208984375
-0.02870480157434940338134765625
0.091964296996593475341796875
0.000615495431702584028244018554688
0.03186762332916259765625
-0.2161596119403839111328125
0.015254682861268520355224609375
-0.0469419769942760467529296875
-0.240648090839385986328125
-0.208099842071533203125
-0.06590490043163299560546875
0.1284330189228057861328125
0.0174134261906147003173828125
-0.071196615695953369140625
-0.16115595400333404541015625
0.102630846202373504638671875
-0.15120284259319305419921875
-0.0495453737676143646240234375
-0.13711677491664886474609375
0.038892209529876708984375
0.0898343622684478759765625
-0.00049963570199906826019287109375
0.0047832424752414226531982421875
0.00942218117415904998779296875
-0.036429464817047119140625
0.0504474826157093048095703125
-0.073166601359844207763671875
0.004715538583695888519287109375
-0.090728603303432464599609375
-0.078698694705963134765625
-0.0026846076361835002899169921875
-0.17543168365955352783203125
-0.1255195438861846923828125
-0.004478082992136478424072265625
-0.0473427586257457733154296875
-0.02990637160837650299072265625
0.2044394016265869140625
-0.069123722612857818603515625
-0.25501155853271484375
0.00140495423693209886550903320312
-0.2077307999134063720703125
-0.0559916608035564422607421875
-0.2467310130596160888671875
0.096295692026615142822265625
-0.16263331472873687744140625
-0.1047627627849578857421875
-0.0347238443791866302490234375
0.148399770259857177734375
-0.080912649631500244140625
-0.2459994852542877197265625
-0.400421142578125
0.110200703144073486328125
0.0009957216680049896240234375
