-0.113569505512714385986328125 -0.18016584217548370361328125 -0.1954562962055206298828125 -0.1459218561649322509765625 -0.105827800929546356201171875 
-0.17722141742706298828125 -0.180273950099945068359375 -0.17217649519443511962890625 -0.1660632193088531494140625 -0.182910859584808349609375 
-0.17552851140499114990234375 -0.21710543334484100341796875 -0.2466255724430084228515625 -0.2065067291259765625 -0.20273046195507049560546875 
-0.2478602826595306396484375 -0.2871501743793487548828125 -0.311951816082000732421875 -0.25724065303802490234375 -0.19323499500751495361328125 
-0.20025403797626495361328125 -0.1969091892242431640625 -0.20669864118099212646484375 -0.20033241808414459228515625 -0.18321178853511810302734375 

0.02860122360289096832275390625 0.0516860000789165496826171875 0.0494859851896762847900390625 0.09292738139629364013671875 0.089262716472148895263671875 
0.05154801905155181884765625 0.1589035093784332275390625 0.1966071426868438720703125 0.17499975860118865966796875 0.076582133769989013671875 
0.105882346630096435546875 0.1904429495334625244140625 0.1983099281787872314453125 0.214887082576751708984375 0.118896730244159698486328125 
0.0118544436991214752197265625 0.086327306926250457763671875 0.097770921885967254638671875 0.13212274014949798583984375 0.1110818088054656982421875 
-0.03949789702892303466796875 0.047137342393398284912109375 0.0793707072734832763671875 0.069132976233959197998046875 0.02820148505270481109619140625 

-0.01361942850053310394287109375 0.01917525939643383026123046875 -0.052047990262508392333984375 -0.0891408622264862060546875 -0.149558961391448974609375 
0.1065911948680877685546875 0.2504297196865081787109375 0.226923406124114990234375 0.123622171580791473388671875 -0.0359695143997669219970703125 
0.22822649776935577392578125 0.35403525829315185546875 0.3133144676685333251953125 0.260932505130767822265625 0.111570186913013458251953125 
0.168348371982574462890625 0.272649943828582763671875 0.241961300373077392578125 0.22803533077239990234375 0.16682513058185577392578125 
0.1073604524135589599609375 0.21275174617767333984375 0.20934736728668212890625 0.17351432144641876220703125 0.1084683835506439208984375 


-0.09985673427581787109375 0.09735397994518280029296875 -0.107490219175815582275390625 -0.23095190525054931640625 -0.15436176955699920654296875 
-0.24842326343059539794921875 0.3079003393650054931640625 0.635531842708587646484375 0.365888416767120361328125 -0.024452380836009979248046875 
-0.2303571999073028564453125 -0.0459993071854114532470703125 0.580315887928009033203125 0.604155004024505615234375 0.16694723069667816162109375 
0.13629133999347686767578125 -0.464258134365081787109375 -0.647401273250579833984375 -0.413990676403045654296875 -0.002794392406940460205078125 
0.314005374908447265625 -0.146611750125885009765625 -0.4934550821781158447265625 -0.417306721210479736328125 0.16311900317668914794921875 

-0.11140699684619903564453125 0.04172992706298828125 -0.17964060604572296142578125 -0.3090796172618865966796875 -0.2300914824008941650390625 
-0.21446336805820465087890625 0.31877553462982177734375 0.6139762401580810546875 0.315486609935760498046875 -0.06339418888092041015625 
-0.191830217838287353515625 -0.0099008642137050628662109375 0.57643449306488037109375 0.56960117816925048828125 0.116219826042652130126953125 
0.1996749341487884521484375 -0.4165801703929901123046875 -0.611832916736602783203125 -0.4085619747638702392578125 -0.044621527194976806640625 
0.388815701007843017578125 -0.076401494443416595458984375 -0.398863613605499267578125 -0.3418821394443511962890625 0.17824243009090423583984375 

-0.0296512581408023834228515625 0.0977477133274078369140625 -0.13864052295684814453125 -0.24987399578094482421875 -0.16710631549358367919921875 
-0.18465609848499298095703125 0.322416126728057861328125 0.584272801876068115234375 0.297325313091278076171875 -0.0511122047901153564453125 
-0.185485899448394775390625 0.02654143236577510833740234375 0.60487282276153564453125 0.575382173061370849609375 0.11752511560916900634765625 
0.14489962160587310791015625 -0.3533389568328857421875 -0.481590211391448974609375 -0.320017039775848388671875 -0.051728725433349609375 
0.2918779551982879638671875 -0.0546015538275241851806640625 -0.3025771677494049072265625 -0.2775658667087554931640625 0.13178539276123046875 


0.00059600803069770336151123046875 4.68035723315551877021789550781e-05 0.000876620586495846509933471679688 0.000618751917500048875808715820312 4.3511321564437821507453918457e-05 
0.000422835146309807896614074707031 0.000824672984890639781951904296875 0.00100047665182501077651977539062 -5.21235924679785966873168945312e-05 0.000438126327935606241226196289062 
-0.0010536606423556804656982421875 -0.000114947884867433458566665649414 -0.000988122425042092800140380859375 -0.000157214919454418122768402099609 -0.000438584160292521119117736816406 
-0.00121574907097965478897094726562 -0.000681301171425729990005493164062 0.000475904002087190747261047363281 -0.000686836952809244394302368164062 -0.00073253759182989597320556640625 
-0.000263020920101553201675415039062 -0.000190960170584730803966522216797 -0.000959686003625392913818359375 0.000339364109095185995101928710938 -0.000554111844394356012344360351562 

-0.000423364457674324512481689453125 -6.12255689702578820288181304932e-06 -0.000396373565308749675750732421875 -0.000453451008070260286331176757812 0.0006778500974178314208984375 
0.000842375855427235364913940429688 0.0010159038938581943511962890625 0.00144959113094955682754516601562 9.70255496213212609291076660156e-05 0.00011661880853353068232536315918 
-0.000506806361954659223556518554688 0.000742090924177318811416625976562 -0.00118462345562875270843505859375 -0.00116676941979676485061645507812 -0.000767565157730132341384887695312 
-3.06141628243494778871536254883e-05 -0.000887322239577770233154296875 0.000378322700271382927894592285156 0.000323005631798878312110900878906 0.000347154040355235338211059570312 
-0.00084467721171677112579345703125 0.000804808340035378932952880859375 -0.00081860390491783618927001953125 -0.000910275790374726057052612304688 -0.000523618422448635101318359375 

0.000528262637089937925338745117188 0.000904371321666985750198364257812 0.00122113164979964494705200195312 0.000658482429571449756622314453125 0.000185898476047441363334655761719 
-0.000224030329263769090175628662109 0.00105442828498780727386474609375 0.000884811568539589643478393554688 -6.64360559312626719474792480469e-05 0.00128139206208288669586181640625 
-0.000435510970419272780418395996094 -0.00124613090883940458297729492188 0.000122283483506180346012115478516 -0.00068860314786434173583984375 -0.0004150010645389556884765625 
-0.00125018635299056768417358398438 8.64635876496322453022003173828e-05 -0.000670380308292806148529052734375 -0.00113916106056421995162963867188 0.000298846454825252294540405273438 
-7.98726796347182244062423706055e-06 0.000482909468701109290122985839844 -0.001119661144912242889404296875 -0.000250212178798392415046691894531 9.67541418503969907760620117188e-05 


-0.2207646071910858154296875 -0.10188464820384979248046875 -0.103707171976566314697265625 -0.046833932399749755859375 -0.14802081882953643798828125 
-0.23001213371753692626953125 -0.200174987316131591796875 -0.20646037161350250244140625 -0.119111597537994384765625 -0.13967549800872802734375 
-0.09004734456539154052734375 -0.1251366138458251953125 -0.16602762043476104736328125 -0.02544189058244228363037109375 -0.071582652628421783447265625 
-0.07361781597137451171875 0.0360894389450550079345703125 0.0361704118549823760986328125 0.10820142924785614013671875 -0.0958182811737060546875 
-0.17208199203014373779296875 -0.082061268389225006103515625 -0.10128761827945709228515625 -0.15058942139148712158203125 -0.322940409183502197265625 

0.13143230974674224853515625 0.2898057997226715087890625 0.2904918193817138671875 0.3028614223003387451171875 0.123857952654361724853515625 
0.20403553545475006103515625 0.2837615907192230224609375 0.279915988445281982421875 0.30568134784698486328125 0.18536533415317535400390625 
0.355286538600921630859375 0.3586101830005645751953125 0.3186539113521575927734375 0.3885657489299774169921875 0.23868189752101898193359375 
0.28844165802001953125 0.4279682636260986328125 0.41852867603302001953125 0.436603128910064697265625 0.15568397939205169677734375 
0.067548401653766632080078125 0.18389414250850677490234375 0.16841576993465423583984375 0.0903588831424713134765625 -0.139472424983978271484375 

-0.169895708560943603515625 -0.0496878959238529205322265625 -0.07973444461822509765625 -0.060069419443607330322265625 -0.14959429204463958740234375 
-0.156505405902862548828125 -0.1497631371021270751953125 -0.19126968085765838623046875 -0.145594537258148193359375 -0.1693341732025146484375 
-0.0442494638264179229736328125 -0.11197669804096221923828125 -0.20102204382419586181640625 -0.10887412726879119873046875 -0.13514666259288787841796875 
-0.099922113120555877685546875 -0.01490130461752414703369140625 -0.078420497477054595947265625 -0.02630956470966339111328125 -0.1696427762508392333984375 
-0.2821323871612548828125 -0.2046692669391632080078125 -0.24088387191295623779296875 -0.2507921159267425537109375 -0.38158786296844482421875 


-0.10576017200946807861328125 -0.0533093176782131195068359375 0.0072308708913624286651611328125 0.08644782006740570068359375 0.088841192424297332763671875 
-0.078900940716266632080078125 -0.0764702260494232177734375 -0.0539278648793697357177734375 0.02448968775570392608642578125 0.02759767882525920867919921875 
-0.089088104665279388427734375 -0.09547437727451324462890625 -0.09797154366970062255859375 -0.02577974833548069000244140625 0.007040518335998058319091796875 
-0.07013237476348876953125 -0.0236215889453887939453125 0.01100282184779644012451171875 0.07614164054393768310546875 0.06176541745662689208984375 
0.0406512953341007232666015625 0.1358582079410552978515625 0.14440800249576568603515625 0.11983239650726318359375 0.0567132644355297088623046875 

-0.122563727200031280517578125 -0.0188413672149181365966796875 0.0584007911384105682373046875 0.09681598842144012451171875 0.01181848905980587005615234375 
-0.1039753258228302001953125 -0.040322996675968170166015625 -0.00333738513290882110595703125 0.02760958485305309295654296875 -0.053161121904850006103515625 
-0.12501467764377593994140625 -0.1082089841365814208984375 -0.10026620328426361083984375 -0.066143400967121124267578125 -0.106562726199626922607421875 
-0.156008183956146240234375 -0.13797883689403533935546875 -0.114825703203678131103515625 -0.083800934255123138427734375 -0.156362354755401611328125 
-0.14702288806438446044921875 -0.11240093410015106201171875 -0.1288944184780120849609375 -0.1914356648921966552734375 -0.286045491695404052734375 

0.0886906087398529052734375 0.242393195629119873046875 0.2905971705913543701171875 0.2784863412380218505859375 0.12361086905002593994140625 
0.161085069179534912109375 0.29036128520965576171875 0.3148705661296844482421875 0.30153524875640869140625 0.1406969130039215087890625 
0.17197780311107635498046875 0.2395688593387603759765625 0.2324190437793731689453125 0.22635193169116973876953125 0.11589388549327850341796875 
0.117165736854076385498046875 0.16068466007709503173828125 0.16228009760379791259765625 0.1503375470638275146484375 0.03565217554569244384765625 
0.0768030583858489990234375 0.116770602762699127197265625 0.066947169601917266845703125 -0.0412662029266357421875 -0.159542143344879150390625 


0.119469977915287017822265625 0.005103047005832195281982421875 -0.011814986355602741241455078125 -0.039415083825588226318359375 0.0487962774932384490966796875 
0.0947233140468597412109375 -0.114694751799106597900390625 -0.183153569698333740234375 -0.12902529537677764892578125 0.0294549167156219482421875 
0.03485119342803955078125 -0.26025855541229248046875 -0.4005613625049591064453125 -0.285454452037811279296875 -0.064445368945598602294921875 
0.010384258814156055450439453125 -0.241122722625732421875 -0.323200881481170654296875 -0.211287915706634521484375 -0.003981727175414562225341796875 
0.12052185833454132080078125 -0.1132772862911224365234375 -0.191383838653564453125 -0.068013571202754974365234375 0.12635324895381927490234375 

0.0618561804294586181640625 -0.03898109495639801025390625 -0.05817542970180511474609375 -0.082709483802318572998046875 -0.013758839108049869537353515625 
0.108735941350460052490234375 -0.072921693325042724609375 -0.13101136684417724609375 -0.089867018163204193115234375 0.032569229602813720703125 
0.0424242727458477020263671875 -0.20252715051174163818359375 -0.31034195423126220703125 -0.20734272897243499755859375 -0.03111073561012744903564453125 
0.0066901561804115772247314453125 -0.19533340632915496826171875 -0.253263175487518310546875 -0.1537631452083587646484375 0.03030342049896717071533203125 
0.116327583789825439453125 -0.08912289142608642578125 -0.16416124999523162841796875 -0.064977474510669708251953125 0.1213983595371246337890625 

0.2543065845966339111328125 0.17305763065814971923828125 0.141342818737030029296875 0.07362015545368194580078125 0.08339874446392059326171875 
0.3024565279483795166015625 0.14993180334568023681640625 0.084504209458827972412109375 0.08797180652618408203125 0.14935196936130523681640625 
0.23616063594818115234375 0.0049305059947073459625244140625 -0.113655127584934234619140625 -0.043882846832275390625 0.080637626349925994873046875 
0.19352935254573822021484375 0.00213842676021158695220947265625 -0.062717251479625701904296875 0.000891977513674646615982055664062 0.13587896525859832763671875 
0.301953613758087158203125 0.11117537319660186767578125 0.0451448000967502593994140625 0.112220697104930877685546875 0.24391438066959381103515625 


-0.2997120916843414306640625 -0.45293152332305908203125 -0.3479126393795013427734375 -0.20638678967952728271484375 -0.0502002574503421783447265625 
-0.28022134304046630859375 -0.070846021175384521484375 -0.080088146030902862548828125 -0.20408470928668975830078125 -0.120286054909229278564453125 
0.1602197587490081787109375 0.3569171130657196044921875 0.2513165175914764404296875 0.027039028704166412353515625 -0.123011253774166107177734375 
0.3373071849346160888671875 0.35509002208709716796875 0.3510524332523345947265625 0.2904165089130401611328125 -0.06998197734355926513671875 
0.3675494492053985595703125 0.355201244354248046875 0.3619726002216339111328125 0.365135669708251953125 -0.02467404864728450775146484375 

-0.0378286130726337432861328125 -0.16737948358058929443359375 -0.072402723133563995361328125 0.0582525916397571563720703125 0.19648928940296173095703125 
-0.16455782949924468994140625 0.0824800431728363037109375 0.03840427100658416748046875 -0.132718384265899658203125 -0.081569947302341461181640625 
0.067722700536251068115234375 0.3388741314411163330078125 0.1941086351871490478515625 -0.09268486499786376953125 -0.276450455188751220703125 
0.068784773349761962890625 0.17406952381134033203125 0.15182487666606903076171875 0.006913474760949611663818359375 -0.3615262806415557861328125 
0.0469797886908054351806640625 0.090914078056812286376953125 0.08084928989410400390625 0.039565376937389373779296875 -0.3535111844539642333984375 

-0.03493635356426239013671875 -0.10688512027263641357421875 0.00152273918502032756805419921875 0.096558235585689544677734375 0.19742405414581298828125 
-0.16864462196826934814453125 0.1266789138317108154296875 0.098915688693523406982421875 -0.093514107167720794677734375 -0.0278546996414661407470703125 
0.0029706633649766445159912109375 0.3177126348018646240234375 0.215707480907440185546875 -0.0577747523784637451171875 -0.14870758354663848876953125 
-0.0474001504480838775634765625 0.10856904089450836181640625 0.116130672395229339599609375 0.00126618577633053064346313476562 -0.234381198883056640625 
-0.104468055069446563720703125 -0.00033893622457981109619140625 0.00519374944269657135009765625 -0.010262462310492992401123046875 -0.290301144123077392578125 


-0.029029406607151031494140625 0.009837047196924686431884765625 0.02522368729114532470703125 0.007853842340409755706787109375 -0.02746138907968997955322265625 
0.123041860759258270263671875 0.1777620613574981689453125 0.19503192603588104248046875 0.1661197245121002197265625 0.098921962082386016845703125 
0.24385987222194671630859375 0.2934133112430572509765625 0.3062603175640106201171875 0.273136675357818603515625 0.19609366357326507568359375 
0.19518969953060150146484375 0.24794439971446990966796875 0.25242078304290771484375 0.2213087975978851318359375 0.134926736354827880859375 
0.12589518725872039794921875 0.124433688819408416748046875 0.08080713450908660888671875 0.074507109820842742919921875 0.0322422645986080169677734375 

-0.045023806393146514892578125 -0.04931746423244476318359375 -0.0567470975220203399658203125 -0.0508938096463680267333984375 -0.012212994508445262908935546875 
-0.14530701935291290283203125 -0.143417835235595703125 -0.1504752337932586669921875 -0.14071737229824066162109375 -0.097922265529632568359375 
-0.19625024497509002685546875 -0.221903502941131591796875 -0.23025281727313995361328125 -0.21299557387828826904296875 -0.1405901610851287841796875 
-0.19932900369167327880859375 -0.2275612652301788330078125 -0.232699930667877197265625 -0.21123059093952178955078125 -0.1459943354129791259765625 
-0.0611902214586734771728515625 -0.12837183475494384765625 -0.162424862384796142578125 -0.11325562000274658203125 -0.026081673800945281982421875 

0.099217779934406280517578125 0.082671947777271270751953125 0.0749232470989227294921875 0.122468180954456329345703125 0.21424581110477447509765625 
-0.0492723323404788970947265625 -0.06522296369075775146484375 -0.06755076348781585693359375 -0.0187672860920429229736328125 0.082363314926624298095703125 
-0.16272966563701629638671875 -0.2192780971527099609375 -0.22843182086944580078125 -0.167378365993499755859375 -0.033567421138286590576171875 
-0.21476475894451141357421875 -0.2739309966564178466796875 -0.2766326963901519775390625 -0.21179534494876861572265625 -0.083978474140167236328125 
-0.0620623566210269927978515625 -0.1512521207332611083984375 -0.17597417533397674560546875 -0.0948621332645416259765625 0.0466531477868556976318359375 



0.0949355065822601318359375
0.065584681928157806396484375
-0.000102950223663356155157089233398
0.181959211826324462890625
-0.792048156261444091796875
0.50068104267120361328125
-0.2553126513957977294921875
0.38629496097564697265625
