0.0287947319447994232177734375
0.00193058920558542013168334960938
0.062554426491260528564453125
0.0480872578918933868408203125
0.012419082224369049072265625
0.02034118957817554473876953125
0.03976266086101531982421875
-0.000291704520350322127342224121094
-0.092098362743854522705078125
0.0243453867733478546142578125
0.0370042212307453155517578125
-0.0423874072730541229248046875
-0.02706895209848880767822265625
0.009461321868002414703369140625
-0.0051975552923977375030517578125
-0.014960194937884807586669921875
0.0540560744702816009521484375
0.008119490928947925567626953125
-0.0170399285852909088134765625
0.00091228098608553409576416015625
0.01389777660369873046875
0.0174279548227787017822265625
-0.15427012741565704345703125
-0.010416354052722454071044921875
-0.101204656064510345458984375
-0.0056775514967739582061767578125
-0.0375467650592327117919921875
-0.004271323792636394500732421875
-0.009421813301742076873779296875
0.051989518105983734130859375
0.025921516120433807373046875
0.02477304637432098388671875
-0.02405490539968013763427734375
-0.000242157198954373598098754882812
-0.3516125977039337158203125
-0.015156832523643970489501953125
-0.01720565743744373321533203125
0.0202606804668903350830078125
-0.00227408669888973236083984375
0.02489613555371761322021484375
0.0485492534935474395751953125
0.00365378032438457012176513671875
-0.006489980034530162811279296875
0.0543610416352748870849609375
0.602459132671356201171875
0.011973774991929531097412109375
0.0437201745808124542236328125
-0.02229021675884723663330078125
0.0235603488981723785400390625
0.0352552719414234161376953125
-0.032975293695926666259765625
-0.0499586276710033416748046875
0.000523072725627571344375610351562
0.03975106775760650634765625
0.03180857002735137939453125
0.0323114357888698577880859375
0.012304096482694149017333984375
0.0215192772448062896728515625
-0.0076209674589335918426513671875
-0.3111880719661712646484375
0.01814950071275234222412109375
0.02178300358355045318603515625
-0.02894023619592189788818359375
0.05275227129459381103515625
0.0187998898327350616455078125
-0.0076121985912322998046875
-0.0365448035299777984619140625
0.0195986516773700714111328125
0.008404416032135486602783203125
-0.00891650281846523284912109375
-0.0208711363375186920166015625
-0.000396239076508209109306335449219
-0.022126019001007080078125
0.01408331654965877532958984375
-0.0278297476470470428466796875
0.01750114746391773223876953125
-0.009100998751819133758544921875
-0.00294076628051698207855224609375
-0.2787837982177734375
0.005882122553884983062744140625
0.094867430627346038818359375
0.0233270637691020965576171875
0.011284482665359973907470703125
-0.0334600917994976043701171875
-0.15082947909832000732421875
0.046423487365245819091796875
0.0074328607879579067230224609375
0.201621353626251220703125
0.085835911333560943603515625
0.02662912197411060333251953125
0.06455694139003753662109375
0.091231502592563629150390625
-0.0070387902669608592987060546875
-0.091998927295207977294921875
0.0535659603774547576904296875
0.0483232177793979644775390625
-0.0578048415482044219970703125
-0.0555006377398967742919921875
0.0254910178482532501220703125
-0.01289471425116062164306640625
-0.01661838032305240631103515625
0.088804066181182861328125
-0.0173585303127765655517578125
-0.0273897536098957061767578125
0.000178204601979814469814300537109
0.019363753497600555419921875
-0.005525116808712482452392578125
-0.0448676086962223052978515625
-0.02412438578903675079345703125
0.076335169374942779541015625
-0.01186685264110565185546875
-0.09860026836395263671875
0.014482933096587657928466796875
-0.0431380532681941986083984375
-0.3753809034824371337890625
0.0374885462224483489990234375
0.0489195771515369415283203125
-0.038285903632640838623046875
-0.00109019654337316751480102539062
0.3052756488323211669921875
-0.0355064757168292999267578125
-0.0501874200999736785888671875
0.01751632988452911376953125
-0.007508055306971073150634765625
0.04008312523365020751953125
0.0606633126735687255859375
0.013629022054374217987060546875
-0.090762458741664886474609375
0.068379588425159454345703125
0.0253773368895053863525390625
0.0140052698552608489990234375
0.08187098801136016845703125
-0.04821734130382537841796875
-0.109579943120479583740234375
0.0618574656546115875244140625
-0.068577401340007781982421875
-0.08175484836101531982421875
-0.022651024162769317626953125
0.3016908466815948486328125
0.0675450265407562255859375
0.054011471569538116455078125
0.04688036441802978515625
0.0611448585987091064453125
-0.0118140280246734619140625
-0.0611087568104267120361328125
0.01856664009392261505126953125
0.040727458894252777099609375
-0.076246939599514007568359375
0.02323284186422824859619140625
0.02418479137122631072998046875
-0.022334538400173187255859375
-0.4076537787914276123046875
0.0310332216322422027587890625
0.2968507707118988037109375
-0.0289433114230632781982421875
-0.037958227097988128662109375
-0.012842766940593719482421875
-0.0553398169577121734619140625
0.0419651903212070465087890625
-0.0469950176775455474853515625
0.0337407849729061126708984375
-0.01556677557528018951416015625
-0.012640784494578838348388671875
-0.1320374906063079833984375
-0.007758370600640773773193359375
-0.19455365836620330810546875
0.063785679638385772705078125
0.013827390968799591064453125
-0.062631808221340179443359375
-0.0524238459765911102294921875
0.0503912977874279022216796875
0.004585863091051578521728515625
-0.303882777690887451171875
0.07124032080173492431640625
0.02765198238193988800048828125
0.0572305656969547271728515625
0.0702919661998748779296875
-0.006636093370616436004638671875
-0.0467570237815380096435546875
0.0472806729376316070556640625
0.053244046866893768310546875
-0.073534511029720306396484375
-0.046140901744365692138671875
0.034292317926883697509765625
-0.01718003489077091217041015625
-0.032845310866832733154296875
0.0796601772308349609375
-0.01866192929446697235107421875
-0.0283551476895809173583984375
0.000285043759504333138465881347656
0.020408801734447479248046875
0.02073424868285655975341796875
0.0028710816986858844757080078125
-0.0223114527761936187744140625
-0.018307797610759735107421875
-0.01096989773213863372802734375
-0.0556025020778179168701171875
-0.0270721651613712310791015625
-0.0406996309757232666015625
0.3277657926082611083984375
0.0465388596057891845703125
0.046014964580535888671875
0.114999733865261077880859375
-0.003346192650496959686279296875
0.138543784618377685546875
-0.0344243943691253662109375
-0.050510227680206298828125
0.036118917167186737060546875
0.00329609378241002559661865234375
0.039361037313938140869140625
0.0516035966575145721435546875
0.01589816622436046600341796875
-0.113738171756267547607421875
0.0408343337476253509521484375
-0.02824260108172893524169921875
0.0042677377350628376007080078125
0.07480819523334503173828125
-0.0488095916807651519775390625
-0.0337038002908229827880859375
0.0620821155607700347900390625
-0.059327565133571624755859375
-0.07191766798496246337890625
-0.010297817178070545196533203125
-0.12957079708576202392578125
0.0551517941057682037353515625
0.0568266026675701141357421875
0.0404426269233226776123046875
0.0470589585602283477783203125
-0.02139014191925525665283203125
-0.566827237606048583984375
0.02808499149978160858154296875
0.03895567357540130615234375
-0.0520374290645122528076171875
0.0328430049121379852294921875
0.031515657901763916015625
-0.019307844340801239013671875
-0.16843307018280029296875
0.0334320366382598876953125
0.0031848899088799953460693359375
-0.0195606462657451629638671875
-0.0316031016409397125244140625
-0.01178184337913990020751953125
-0.0483677200973033905029296875
0.038257695734500885009765625
-0.04207836091518402099609375
0.0383937992155551910400390625
-0.01764081604778766632080078125
-0.0112781487405300140380859375
0.4364535510540008544921875
-0.00493936799466609954833984375
0.0747495591640472412109375
0.0497960485517978668212890625
0.02412588335573673248291015625
-0.059150911867618560791015625
-0.3211249411106109619140625
0.0386912114918231964111328125
0.00106098677497357130050659179688
0.5344913005828857421875
0.0521987937390804290771484375
0.017402030527591705322265625
0.043816395103931427001953125
0.0553270168602466583251953125
-0.005496126599609851837158203125
-0.071265719830989837646484375
0.0313945300877094268798828125
0.0368272960186004638671875
-0.049616634845733642578125
-0.036441333591938018798828125
0.02494935691356658935546875
-0.01591436006128787994384765625
-0.019677065312862396240234375
0.061871118843555450439453125
-0.008067053742706775665283203125
-0.0203867815434932708740234375
0.00335110095329582691192626953125
0.0075989100150763988494873046875
0.01116879098117351531982421875
-0.5655047893524169921875
-0.01578948087990283966064453125
-0.0518570058047771453857421875
-0.01834958605468273162841796875
-0.0428928695619106292724609375
-0.010380978696048259735107421875
-0.0329683311283588409423828125
0.2530210018157958984375
0.0346006415784358978271484375
0.032706312835216522216796875
-0.02378407306969165802001953125
-0.0025515691377222537994384765625
-0.06559593975543975830078125
-0.02744140289723873138427734375
-0.0431398712098598480224609375
0.0249045975506305694580078125
0.00118779554031789302825927734375
0.032487906515598297119140625
0.046653531491756439208984375
0.0104985125362873077392578125
-0.123071081936359405517578125
0.0494651682674884796142578125
-0.03286983072757720947265625
0.0060896235518157482147216796875
0.06069321930408477783203125
-0.03765417635440826416015625
0.00357523490674793720245361328125
0.047760307788848876953125
-0.046829424798488616943359375
-0.054442472755908966064453125
-0.008076877333223819732666015625
-0.086133070290088653564453125
0.0409088395535945892333984375
0.041570596396923065185546875
0.0326806269586086273193359375
0.0302530266344547271728515625
-0.01337104104459285736083984375
-0.031951852142810821533203125
0.01815505512058734893798828125
0.0248390249907970428466796875
-0.039083741605281829833984375
0.0377251543104648590087890625
0.02271199785172939300537109375
-0.012866049073636531829833984375
0.12663008272647857666015625
0.01978837512433528900146484375
-0.073604486882686614990234375
-0.0201304890215396881103515625
-0.02190509252250194549560546875
-0.009154981933534145355224609375
-0.037228249013423919677734375
0.02597677707672119140625
-0.03122483380138874053955078125
0.02382515184581279754638671875
-0.010433563031256198883056640625
-0.0057134148664772510528564453125
0.15014374256134033203125
-0.0067850290797650814056396484375
0.2519226968288421630859375
0.03427489101886749267578125
0.01498008705675601959228515625
-0.0426969826221466064453125
-0.225909292697906494140625
0.036587767302989959716796875
-0.000918757577892392873764038085938
0.04652230441570281982421875
0.043335206806659698486328125
0.0165804736316204071044921875
0.0395146943628787994384765625
0.0453387387096881866455078125
-0.0052979676984250545501708984375
-0.072881944477558135986328125
0.0284992642700672149658203125
0.02782650291919708251953125
-0.048494376242160797119140625
-0.02950050495564937591552734375
0.02500840462744235992431640625
-0.016912408173084259033203125
-0.02331505529582500457763671875
0.054687567055225372314453125
-0.0062447045929729938507080078125
-0.0181745924055576324462890625
0.002439313568174839019775390625
0.003703497350215911865234375
0.01231599785387516021728515625
-0.0055655804462730884552001953125
-0.012252771295607089996337890625
-0.081331692636013031005859375
-0.015381067059934139251708984375
-0.0314214192330837249755859375
-0.013301740400493144989013671875
-0.03027652390301227569580078125
-0.22625868022441864013671875
0.03020302392542362213134765625
0.0273159854114055633544921875
-0.1056652963161468505859375
-0.000277046259725466370582580566406
-0.0224768780171871185302734375
-0.0242112092673778533935546875
-0.037870347499847412109375
0.02540928684175014495849609375
0.008277107961475849151611328125
0.02406329847872257232666015625
0.0370104648172855377197265625
0.00986205600202083587646484375
-0.076317466795444488525390625
0.02099946327507495880126953125
0.014373489655554294586181640625
0.000792906794231384992599487304688
0.0546928532421588897705078125
-0.0343819670379161834716796875
0.073957301676273345947265625
0.042451553046703338623046875
-0.037452481687068939208984375
-0.046388350427150726318359375
-0.00627073831856250762939453125
-0.656877994537353515625
0.0322320498526096343994140625
0.0389518775045871734619140625
0.02635942399501800537109375
0.026139371097087860107421875
-0.01998366229236125946044921875
-0.109515942633152008056640625
0.01590311340987682342529296875
0.021724522113800048828125
-0.02811848931014537811279296875
0.0325163900852203369140625
0.024536184966564178466796875
-0.008588996715843677520751953125
0.02498401515185832977294921875
0.0142987780272960662841796875
0.618727207183837890625
-0.0125798620283603668212890625
-0.0150538980960845947265625
-0.008906704373657703399658203125
-0.0315158329904079437255859375
0.0233622491359710693359375
-0.02458837814629077911376953125
0.0198595561087131500244140625
-0.010327898897230625152587890625
-0.00427853502333164215087890625
0.101057112216949462890625
-0.0081517957150936126708984375
0.12878532707691192626953125
0.02405720017850399017333984375
0.01489074341952800750732421875
-0.0370588265359401702880859375
-0.245506703853607177734375
0.0103234685957431793212890625
-0.003946079872548580169677734375
0.352310597896575927734375
0.0192010104656219482421875
-0.000420524185756221413612365722656
0.015077744610607624053955078125
0.02673275582492351531982421875
-0.00601132214069366455078125
-0.117164082825183868408203125
0.00366699299775063991546630859375
-0.0019514472223818302154541015625
0.01485333032906055450439453125
-0.00857701711356639862060546875
0.005695401690900325775146484375
-0.00323135755024850368499755859375
0.007932714186608791351318359375
0.02688096277415752410888671875
-0.009814389050006866455078125
0.006296494044363498687744140625
0.0056999591179192066192626953125
-0.00873699970543384552001953125
-0.01590168289840221405029296875
0.408370912075042724609375
0.000233154540183022618293762207031
0.035704039037227630615234375
-0.008328984491527080535888671875
-0.042443729937076568603515625
0.03020788729190826416015625
-0.012045099399983882904052734375
0.15922963619232177734375
0.000539575179573148488998413085938
0.0073452494107186794281005859375
0.096095271408557891845703125
0.000180913717485964298248291015625
-0.369497835636138916015625
-0.0053961039520800113677978515625
-0.00277332006953656673431396484375
-0.00952106527984142303466796875
-0.000932276423554867506027221679688
0.0064124590717256069183349609375
0.0190847478806972503662109375
-0.0045063379220664501190185546875
-0.3726150691509246826171875
0.0606583990156650543212890625
-0.107990778982639312744140625
0.00309879495762288570404052734375
0.02470108307898044586181640625
-0.0110481567680835723876953125
0.064091719686985015869140625
0.010704015381634235382080078125
-0.01690766029059886932373046875
-0.0170952975749969482421875
-0.007139553315937519073486328125
-0.196785032749176025390625
0.011180885136127471923828125
0.00288498844020068645477294921875
0.013203951530158519744873046875
0.007279389537870883941650390625
0.0067907306365668773651123046875
0.14256703853607177734375
-0.0034722783602774143218994140625
-0.001287984661757946014404296875
-0.0180418193340301513671875
-0.02978747151792049407958984375
4.4873100705444812774658203125e-05
0.00313852005638182163238525390625
-0.22771339118480682373046875
-0.000393768190406262874603271484375
0.07953198254108428955078125
-0.0125940144062042236328125
0.000868777686264365911483764648438
0.000538011081516742706298828125
-0.013902577571570873260498046875
0.0065666646696627140045166015625
-0.011781565845012664794921875
-0.0030160094611346721649169921875
0.00132338528055697679519653320312
0.00172028283122926950454711914062
-0.00699790008366107940673828125
-0.0042993933893740177154541015625
0.1824263036251068115234375
0.010859911330044269561767578125
-0.00618655420839786529541015625
-0.009218384511768817901611328125
-0.110131800174713134765625
0.0358194895088672637939453125
0.000182450938154943287372589111328
-0.07566179335117340087890625
0.0547538436949253082275390625
0.012211519293487071990966796875
0.0206013061106204986572265625
0.044700868427753448486328125
0.00210313103161752223968505859375
-0.086727418005466461181640625
0.0281842388212680816650390625
0.045497529208660125732421875
-0.05703790485858917236328125
-0.034047625958919525146484375
0.0073591512627899646759033203125
-0.007146828807890415191650390625
-0.0165681354701519012451171875
0.0595840178430080413818359375
0.020129255950450897216796875
-0.02504971809685230255126953125
0.00114537368062883615493774414062
0.015157871879637241363525390625
0.02349285222589969635009765625
-0.0966203212738037109375
-0.01398074813187122344970703125
-0.1375583112239837646484375
-0.013489135541021823883056640625
-0.0320229269564151763916015625
-0.004191403277218341827392578125
-0.009889998473227024078369140625
-0.07101045548915863037109375
0.0331629924476146697998046875
0.0273016802966594696044921875
-0.15713889896869659423828125
-1.65729688887950032949447631836e-05
-0.47065269947052001953125
-0.0207452289760112762451171875
-0.0213135443627834320068359375
0.02484279312193393707275390625
-0.0075427182018756866455078125
0.034255005419254302978515625
0.082259953022003173828125
0.00379379093647003173828125
0.3122061789035797119140625
0.06896288692951202392578125
-0.54979121685028076171875
0.020183034241199493408203125
0.0504713244736194610595703125
-0.0267759822309017181396484375
-0.013596049509942531585693359375
0.043644778430461883544921875
-0.04054667055606842041015625
-0.060127429664134979248046875
0.00107506162021309137344360351562
-0.01678322069346904754638671875
0.0384208895266056060791015625
0.0406728275120258331298828125
0.012087992392480373382568359375
0.02103341557085514068603515625
-0.008348337374627590179443359375
-0.23709213733673095703125
0.0216618068516254425048828125
0.0248772911727428436279296875
-0.034652136266231536865234375
0.08316801488399505615234375
0.0221537761390209197998046875
-0.0113303400576114654541015625
0.00132184289395809173583984375
0.020332492887973785400390625
-0.0062687383033335208892822265625
-0.01481808722019195556640625
-0.0274441801011562347412109375
-0.0010239374823868274688720703125
-0.026419438421726226806640625
0.01316381990909576416015625
-0.034594990313053131103515625
0.0200070329010486602783203125
-0.010174241848289966583251953125
-0.00390484114177525043487548828125
0.05789254605770111083984375
0.00536234118044376373291015625
0.000758882320951670408248901367188
0.02408417500555515289306640625
0.013681930489838123321533203125
-0.039681732654571533203125
-0.2549526989459991455078125
0.02699800767004489898681640625
0.000825268798507750034332275390625
-0.17884899675846099853515625
0.0401311032474040985107421875
0.011654508300125598907470703125
0.0337564051151275634765625
0.0447287820279598236083984375
-0.0050944774411618709564208984375
-0.383137762546539306640625
0.0221147425472736358642578125
0.02436660230159759521484375
-0.02347095496952533721923828125
-0.02698263339698314666748046875
0.0175532996654510498046875
-0.01006476394832134246826171875
-0.008459731005132198333740234375
0.0478885658085346221923828125
-0.009195416234433650970458984375
-0.01122039370238780975341796875
0.003374706022441387176513671875
0.00339210242964327335357666015625
0.000507507356815040111541748046875
-0.040938474237918853759765625
-0.010697322897613048553466796875
0.02137886919081211090087890625
-0.013671024702489376068115234375
-0.0436961688101291656494140625
0.005309688858687877655029296875
-0.0248774029314517974853515625
0.076832957565784454345703125
0.0219284556806087493896484375
0.02459900081157684326171875
0.667185366153717041015625
-0.00177733658347278833389282226562
-0.093862362205982208251953125
-0.01956984214484691619873046875
-0.0289784483611583709716796875
0.01233698427677154541015625
-0.00152858125511556863784790039062
0.0237875878810882568359375
0.034192480146884918212890625
0.0054328753612935543060302734375
-0.136795699596405029296875
0.089543230831623077392578125
-0.0147845707833766937255859375
0.005943932570517063140869140625
0.0460371188819408416748046875
-0.02742317132651805877685546875
0.013731266371905803680419921875
0.0334727801382541656494140625
-0.0360542349517345428466796875
-0.040183834731578826904296875
-0.008524040691554546356201171875
-0.2314890325069427490234375
0.03118995390832424163818359375
0.02696694992482662200927734375
0.02708666212856769561767578125
0.02359244413673877716064453125
-0.0049181333743035793304443359375
0.43035185337066650390625
0.010809724219143390655517578125
0.0165178738534450531005859375
-0.03258691728115081787109375
0.01401687227189540863037109375
0.01325605809688568115234375
-0.008199848234653472900390625
-0.1069643497467041015625
0.01376050896942615509033203125
0.0201483778655529022216796875
-0.01771707274019718170166015625
-0.01599144376814365386962890625
-0.005836612544953823089599609375
-0.02854430116713047027587890625
0.01983026973903179168701171875
-0.02435841225087642669677734375
0.015026816166937351226806640625
-0.0065832720138132572174072265625
-0.0032270471565425395965576171875
0.035276584327220916748046875
-0.00485457479953765869140625
0.098721764981746673583984375
0.02771545760333538055419921875
0.0074942284263670444488525390625
-0.0303613841533660888671875
-0.17355068027973175048828125
0.0340960882604122161865234375
0.00093324296176433563232421875
0.15859854221343994140625
0.052772693336009979248046875
0.015059138648211956024169921875
0.0362879000604152679443359375
0.0525807440280914306640625
-0.004124812781810760498046875
-0.16139473021030426025390625
0.0291837044060230255126953125
0.0354242138564586639404296875
-0.042771287262439727783203125
-0.031319744884967803955078125
0.0183382295072078704833984375
-0.0093439407646656036376953125
-0.015274061821401119232177734375
0.0608543194830417633056640625
-0.008360060863196849822998046875
-0.01623128168284893035888671875
0.0021683103404939174652099609375
0.01091357134282588958740234375
0.0099944770336151123046875
0.001313389278948307037353515625
-0.01333264075219631195068359375
0.0072054467163980007171630859375
-0.00963082723319530487060546875
-0.0466865263879299163818359375
-0.003582001663744449615478515625
-0.0246459282934665679931640625
0.275423705577850341796875
0.02913042344152927398681640625
0.029968924820423126220703125
0.02857106737792491912841796875
-0.00217303005047142505645751953125
0.431308805942535400390625
-0.0216435007750988006591796875
-0.02687598578631877899169921875
0.018013156950473785400390625
-0.00247881817631423473358154296875
0.02856224961578845977783203125
0.0460120849311351776123046875
0.006271660327911376953125
0.0617434345185756683349609375
0.097275175154209136962890625
-0.0576061867177486419677734375
0.00791349075734615325927734375
0.0550651215016841888427734375
-0.0320606268942356109619140625
-0.013283773325383663177490234375
0.04237496852874755859375
-0.04313980042934417724609375
-0.053566552698612213134765625
-0.00657166726887226104736328125
-0.30873572826385498046875
0.03855563700199127197265625
0.035160608589649200439453125
0.02644160576164722442626953125
0.02857207320630550384521484375
-0.00689303316175937652587890625
-0.01848523505032062530517578125
0.01673530228435993194580078125
0.022936485707759857177734375
-0.0384581573307514190673828125
0.02498287148773670196533203125
0.01763569749891757965087890625
-0.010729604400694370269775390625
-0.087976358830928802490234375
0.0210478939116001129150390625
0.0339308045804500579833984375
-0.01737026311457157135009765625
-0.02095677889883518218994140625
-0.0046969293616712093353271484375
-0.0331065095961093902587890625
0.02253150008618831634521484375
-0.031678974628448486328125
0.0219498984515666961669921875
-0.009683310985565185546875
-0.005944405682384967803955078125
-0.576055049896240234375
-0.00163894961588084697723388671875
0.4610762298107147216796875
0.03346769511699676513671875
0.0115506537258625030517578125
-0.039447046816349029541015625
-0.155678331851959228515625
0.038329504430294036865234375
0.00237130629830062389373779296875
0.10375954210758209228515625
0.062013782560825347900390625
0.0160373412072658538818359375
0.0367724597454071044921875
0.0594007037580013275146484375
-0.000545140064787119626998901367188
-0.1609105765819549560546875
0.032744340598583221435546875
0.046601705253124237060546875
-0.052713923156261444091796875
-0.043109677731990814208984375
0.01303476653993129730224609375
-0.012174162082374095916748046875
-0.013926677405834197998046875
0.069334380328655242919921875
0.0135011859238147735595703125
-0.02757192961871623992919921875
0.00288011063821613788604736328125
0.01254515349864959716796875
0.01216612756252288818359375
0.0169702507555484771728515625
-0.017309911549091339111328125
-0.11466111242771148681640625
-0.021017991006374359130859375
-0.05111046135425567626953125
0.0034235320053994655609130859375
-0.0228898413479328155517578125
-0.3095357716083526611328125
0.0351242087781429290771484375
0.0342210493981838226318359375
-0.3462053239345550537109375
-0.00143216305878013372421264648438
0.117102824151515960693359375
-0.02697019837796688079833984375
-0.0377513505518436431884765625
0.02422501146793365478515625
-0.009328536689281463623046875
0.039385475218296051025390625
0.068893305957317352294921875
0.008571140468120574951171875
-0.1385624706745147705078125
0.0465792976319789886474609375
0.076175667345523834228515625
0.02022956311702728271484375
0.062763921916484832763671875
-0.033602021634578704833984375
-0.022297777235507965087890625
0.0503090359270572662353515625
-0.051034875214099884033203125
-0.06605984270572662353515625
-0.0063187466003000736236572265625
-0.4789126217365264892578125
0.0482204519212245941162109375
0.045832097530364990234375
0.02674844302237033843994140625
0.03089709021151065826416015625
-0.0085613392293453216552734375
-0.069546498358249664306640625
0.019968561828136444091796875
0.02824983932077884674072265625
-0.047619126737117767333984375
0.088000677525997161865234375
0.02293864823877811431884765625
-0.0151116587221622467041015625
-0.1750698983669281005859375
0.02135916054248809814453125
-0.5324470996856689453125
-0.02320441044867038726806640625
-0.03110046684741973876953125
-0.0051104784943163394927978515625
-0.0361018739640712738037109375
0.02114602364599704742431640625
-0.03687010705471038818359375
0.02199945412576198577880859375
-0.01021852158010005950927734375
-0.0042806356213986873626708984375
0.0378946550190448760986328125
-0.000689853273797780275344848632812
0.1474337279796600341796875
0.035534702241420745849609375
0.012674002908170223236083984375
-0.0448608584702014923095703125
-0.2781096398830413818359375
