-0.0049634273163974285125732421875 -0.2255697548389434814453125 -0.3712160289287567138671875 -0.2657303512096405029296875 -0.1634381711483001708984375 
-0.02632077038288116455078125 -0.23437421023845672607421875 -0.22777970135211944580078125 -0.07319028675556182861328125 -0.0080376379191875457763671875 
-0.00221646227873861789703369140625 0.0233729183673858642578125 0.17594964802265167236328125 0.20981705188751220703125 0.1715646684169769287109375 
0.08375282585620880126953125 0.24440421164035797119140625 0.3424662649631500244140625 0.16254387795925140380859375 0.0419041253626346588134765625 
-0.060410432517528533935546875 0.107896529138088226318359375 0.18798412382602691650390625 0.0264169462025165557861328125 -0.129889667034149169921875 


-0.171794474124908447265625 -0.17472176253795623779296875 -0.0793151557445526123046875 0.08813638985157012939453125 0.14312408864498138427734375 
-0.2671633660793304443359375 0.0302304960787296295166015625 0.23970417678356170654296875 0.2815719544887542724609375 0.10570453107357025146484375 
0.008383176289498805999755859375 0.3377025425434112548828125 0.3871913254261016845703125 0.15561516582965850830078125 -0.193997681140899658203125 
0.2180382907390594482421875 0.18857274949550628662109375 -0.00963195227086544036865234375 -0.2417033016681671142578125 -0.311020195484161376953125 
-0.0055700712837278842926025390625 -0.20674304664134979248046875 -0.3190988004207611083984375 -0.22374276816844940185546875 -0.082704447209835052490234375 


-0.057635121047496795654296875 -0.2131836414337158203125 -0.1510511934757232666015625 0.07044957578182220458984375 0.20766775310039520263671875 
0.17277686297893524169921875 -0.20426870882511138916015625 -0.34038555622100830078125 -0.282909572124481201171875 -0.0414272248744964599609375 
0.247029244899749755859375 -0.004112846218049526214599609375 -0.273638784885406494140625 -0.3641962110996246337890625 -0.3344235718250274658203125 
0.2938685119152069091796875 0.2542531490325927734375 0.14838691055774688720703125 -0.0241006799042224884033203125 -0.2790476977825164794921875 
0.074943028390407562255859375 0.20442156493663787841796875 0.3249177634716033935546875 0.337897837162017822265625 0.12087087333202362060546875 


0.013467076234519481658935546875 -0.12684597074985504150390625 -0.06058442592620849609375 -0.13398285210132598876953125 -0.180194377899169921875 
0.14552171528339385986328125 0.304378569126129150390625 0.394168436527252197265625 0.2897292673587799072265625 0.14324866235256195068359375 
-0.1287934780120849609375 0.113434262573719024658203125 0.2599602043628692626953125 0.3034805357456207275390625 0.3926989138126373291015625 
-0.3922841548919677734375 -0.287293493747711181640625 -0.22961495816707611083984375 -0.057344786822795867919921875 0.08979730308055877685546875 
-0.2067154943943023681640625 -0.272306501865386962890625 -0.37978684902191162109375 -0.46673190593719482421875 -0.365125834941864013671875 


-0.0454565025866031646728515625 0.093757905066013336181640625 0.18027846515178680419921875 -0.056599982082843780517578125 -0.21994210779666900634765625 
0.08476789295673370361328125 0.160387516021728515625 0.20800936222076416015625 -0.18191294372081756591796875 -0.3746144473552703857421875 
0.164884150028228759765625 0.2884866893291473388671875 0.212726175785064697265625 -0.1961304843425750732421875 -0.313446700572967529296875 
0.0494726188480854034423828125 0.156442940235137939453125 0.2608852684497833251953125 -0.0470100939273834228515625 -0.17847554385662078857421875 
0.000167763399076648056507110595703 0.06999082863330841064453125 0.11553852260112762451171875 0.01438078470528125762939453125 -0.1233842372894287109375 


-0.15923045575618743896484375 -0.140284001827239990234375 -0.13125549256801605224609375 -0.0844290554523468017578125 -0.05345697700977325439453125 
-0.176856338977813720703125 0.0110997669398784637451171875 0.20508553087711334228515625 0.20519880950450897216796875 0.122131593525409698486328125 
-0.12745358049869537353515625 0.125484764575958251953125 0.387576401233673095703125 0.3165805339813232421875 0.19423212110996246337890625 
-0.06943030655384063720703125 0.06883023679256439208984375 0.2421014010906219482421875 0.147590577602386474609375 0.073430560529232025146484375 
-0.16351430118083953857421875 -0.138431012630462646484375 -0.045957870781421661376953125 -0.011739852838218212127685546875 -0.0355834662914276123046875 



-0.03028330393135547637939453125
-0.14311726391315460205078125
-0.11179642379283905029296875
-0.097244918346405029296875
-0.1979901790618896484375
-0.078035943210124969482421875
