0.01147083006799221038818359375 0.0389764867722988128662109375 0.03454945981502532958984375 0.0538681037724018096923828125 0.08289460837841033935546875 
-0.01793794892728328704833984375 -0.008839962072670459747314453125 0.01859205774962902069091796875 0.09506548941135406494140625 0.1349547803401947021484375 
-0.14112152159214019775390625 -0.0998582541942596435546875 -0.0331258475780487060546875 -0.0241683684289455413818359375 -0.049832291901111602783203125 
0.010839991271495819091796875 -0.07401226460933685302734375 -0.105700433254241943359375 -0.068353973329067230224609375 -0.0473470725119113922119140625 
0.1633243560791015625 0.1258361637592315673828125 0.16512851417064666748046875 0.14438594877719879150390625 0.115834169089794158935546875 

0.0330007486045360565185546875 0.072669781744480133056640625 0.099147908389568328857421875 0.12907554209232330322265625 0.1452910006046295166015625 
0.01907390169799327850341796875 0.0042317607440054416656494140625 -0.0039893039502203464508056640625 0.044464685022830963134765625 0.14294032752513885498046875 
-0.042723380029201507568359375 -0.052411042153835296630859375 -0.01562096364796161651611328125 0.079547218978404998779296875 0.1477086246013641357421875 
-0.13373924791812896728515625 -0.0937996804714202880859375 -0.0582030825316905975341796875 -0.0601466111838817596435546875 -0.0733776092529296875 
-0.081926055252552032470703125 -0.1312167346477508544921875 -0.11520461738109588623046875 -0.075592659413814544677734375 -0.0306646525859832763671875 

-0.01912760175764560699462890625 -0.036130107939243316650390625 -0.082263804972171783447265625 -0.0589389838278293609619140625 -0.0546742267906665802001953125 
-0.02821256406605243682861328125 0.0043778480030596256256103515625 -0.01845926605165004730224609375 -0.0433371700346469879150390625 -0.039922691881656646728515625 
-0.0486471392214298248291015625 -0.01696549169719219207763671875 -0.03632746636867523193359375 -0.092925809323787689208984375 -0.120188824832439422607421875 
0.090587146580219268798828125 0.07929261028766632080078125 0.00239695608615875244140625 -0.009021586738526821136474609375 -0.080057002604007720947265625 
0.11368866264820098876953125 0.173081457614898681640625 0.123209886252880096435546875 0.0472810268402099609375 -0.020849175751209259033203125 

-0.010963396169245243072509765625 -0.0409956164658069610595703125 -0.02516596205532550811767578125 0.0054099014960229396820068359375 -0.0249470956623554229736328125 
0.052283026278018951416015625 -0.01177290268242359161376953125 -0.0298663266003131866455078125 0.009954868815839290618896484375 0.0358583442866802215576171875 
0.1810731589794158935546875 0.184171378612518310546875 0.21064741909503936767578125 0.2265618741512298583984375 0.20380444824695587158203125 
0.02787186019122600555419921875 0.0617728792130947113037109375 0.0579085610806941986083984375 -0.01912227459251880645751953125 -0.0765089094638824462890625 
-0.054076932370662689208984375 -0.068984679877758026123046875 -0.05663831532001495361328125 0.00785688124597072601318359375 -0.0377974808216094970703125 

0.020223297178745269775390625 -0.02804020233452320098876953125 -0.02562421001493930816650390625 -0.0481055490672588348388671875 0.00252466462552547454833984375 
0.02763863466680049896240234375 0.0084030069410800933837890625 -0.015261751599609851837158203125 -0.034164972603321075439453125 -0.0065250764600932598114013671875 
-0.1127457320690155029296875 -0.086543507874011993408203125 -0.124035991728305816650390625 -0.103072039783000946044921875 -0.06558965146541595458984375 
-0.126195967197418212890625 -0.15442933142185211181640625 -0.19782905280590057373046875 -0.1744836270809173583984375 -0.14300596714019775390625 
-0.05126751959323883056640625 -0.023836396634578704833984375 -0.050520159304141998291015625 -0.07625155150890350341796875 -0.06304943561553955078125 

0.011289604008197784423828125 0.0456310920417308807373046875 0.0706866085529327392578125 0.093260191380977630615234375 0.0467746816575527191162109375 
0.0046066008508205413818359375 0.01924673281610012054443359375 0.0239783041179180145263671875 0.09877622127532958984375 0.09799158573150634765625 
-0.092320419847965240478515625 -0.054656468331813812255859375 -0.019540540874004364013671875 -0.0065706656314432621002197265625 -0.017866052687168121337890625 
-0.15661685168743133544921875 -0.175979316234588623046875 -0.1860466897487640380859375 -0.202479779720306396484375 -0.1560873091220855712890625 
0.008548862300813198089599609375 -0.040630042552947998046875 0.00045901932753622531890869140625 0.01380299031734466552734375 -0.0436798296868801116943359375 


0.087848059833049774169921875 0.01554490067064762115478515625 -0.0935366451740264892578125 -0.113628387451171875 -0.069717057049274444580078125 
0.011027093045413494110107421875 -0.0327700711786746978759765625 -0.11841820180416107177734375 -0.0500997640192508697509765625 -0.03256545960903167724609375 
0.0406660735607147216796875 -0.0384662449359893798828125 -0.13428403437137603759765625 0.045310325920581817626953125 0.087290085852146148681640625 
0.03094528801739215850830078125 -0.08685743808746337890625 0.04410572350025177001953125 0.1134412288665771484375 0.1109373867511749267578125 
-0.085422970354557037353515625 -0.0551993362605571746826171875 0.13906483352184295654296875 0.15788237750530242919921875 0.051675327122211456298828125 

-0.0787971019744873046875 -0.057035125792026519775390625 -0.048304878175258636474609375 -0.047085545957088470458984375 -0.0392685197293758392333984375 
-0.01085462607443332672119140625 -0.0284248851239681243896484375 -0.0383691154420375823974609375 -0.0357999838888645172119140625 0.0167022310197353363037109375 
0.057008914649486541748046875 0.0894764959812164306640625 -0.004251323640346527099609375 0.00328094628639519214630126953125 -0.00140723714139312505722045898438 
0.1465581953525543212890625 0.0564783178269863128662109375 -0.0581314265727996826171875 0.0058631501160562038421630859375 0.017798595130443572998046875 
-0.0433559753000736236572265625 -0.10983921587467193603515625 -0.088692791759967803955078125 0.0051986314356327056884765625 0.009465268813073635101318359375 

0.022489152848720550537109375 0.08411000669002532958984375 0.0836779177188873291015625 -0.01961165107786655426025390625 -0.109973095357418060302734375 
-0.122295372188091278076171875 0.0557551495730876922607421875 0.075506262481212615966796875 -0.0546154715120792388916015625 -0.063042230904102325439453125 
-0.14024223387241363525390625 -0.028551943600177764892578125 -0.02336984314024448394775390625 -0.063547365367412567138671875 -0.0504787154495716094970703125 
-0.15251542627811431884765625 -0.078679494559764862060546875 -0.05918204784393310546875 -0.084660939872264862060546875 -0.063259653747081756591796875 
-0.117008768022060394287109375 -0.0308047495782375335693359375 0.0071851909160614013671875 0.015183825977146625518798828125 0.03022016584873199462890625 

-0.038905881345272064208984375 -0.01408822275698184967041015625 -0.02734841406345367431640625 -0.0326524414122104644775390625 -0.0453997068107128143310546875 
-0.088605463504791259765625 -0.077969260513782501220703125 -0.088662810623645782470703125 -0.092393122613430023193359375 -0.083559572696685791015625 
-0.084187686443328857421875 -0.103543959558010101318359375 -0.099203281104564666748046875 -0.09257881343364715576171875 -0.104679070413112640380859375 
0.024422816932201385498046875 -0.088375903666019439697265625 -0.1093428432941436767578125 -0.1299283206462860107421875 -0.1295795142650604248046875 
-0.02512954734265804290771484375 -0.0451962985098361968994140625 -0.108501054346561431884765625 -0.161133587360382080078125 -0.11486828327178955078125 

0.03603450953960418701171875 0.103357486426830291748046875 0.084132932126522064208984375 0.005864798091351985931396484375 -0.0332761071622371673583984375 
0.02328180335462093353271484375 0.13749228417873382568359375 0.0617712773382663726806640625 -0.0401612184941768646240234375 -0.069527916610240936279296875 
0.0438072979450225830078125 0.14710979163646697998046875 0.02466274611651897430419921875 -0.080179460346698760986328125 -0.06332910060882568359375 
0.036024428904056549072265625 0.11355416476726531982421875 -0.0211391113698482513427734375 -0.07776145637035369873046875 -0.09190629422664642333984375 
-0.0529471077024936676025390625 0.0193501822650432586669921875 -0.0429740287363529205322265625 0.0456914119422435760498046875 0.0472845919430255889892578125 

0.077762328088283538818359375 0.0157382152974605560302734375 -0.0635273754596710205078125 -0.065817892551422119140625 -0.02619877271354198455810546875 
0.109404392540454864501953125 -0.007847364060580730438232421875 -0.11322139203548431396484375 -0.0416241474449634552001953125 -0.03962956368923187255859375 
0.07927848398685455322265625 -0.02622591517865657806396484375 -0.1427047252655029296875 -0.00345984962768852710723876953125 0.03007544763386249542236328125 
0.077812217175960540771484375 -0.063438437879085540771484375 -0.01895178854465484619140625 0.0597458891570568084716796875 0.0634704530239105224609375 
0.00258946302346885204315185546875 -0.04235057532787322998046875 0.069131948053836822509765625 0.077419318258762359619140625 0.07434876263141632080078125 


0.03055435977876186370849609375 -0.021989710628986358642578125 -0.0249628759920597076416015625 -0.078782260417938232421875 -0.20571346580982208251953125 
0.06982003152370452880859375 0.03341086208820343017578125 -0.0591629110276699066162109375 -0.1586395800113677978515625 -0.0535132922232151031494140625 
-0.049713529646396636962890625 -0.096666984260082244873046875 -0.087392628192901611328125 -0.0371926724910736083984375 0.022711507976055145263671875 
-0.041388787329196929931640625 -0.0033175633288919925689697265625 0.0039460719563066959381103515625 -0.0031638913787901401519775390625 0.00108040194027125835418701171875 
0.068520359694957733154296875 0.07792989909648895263671875 0.12419779598712921142578125 0.068640895187854766845703125 0.049991130828857421875 

0.010531152598559856414794921875 0.0467442534863948822021484375 0.1524982154369354248046875 0.2039667665958404541015625 0.074653148651123046875 
0.1493106186389923095703125 0.18871487677097320556640625 0.1971727907657623291015625 0.100828491151332855224609375 -0.0507848449051380157470703125 
0.1423307955265045166015625 0.07782582938671112060546875 -0.007019591517746448516845703125 -0.0479480884969234466552734375 -0.03230653703212738037109375 
-0.14899377524852752685546875 -0.126496493816375732421875 -0.0455585978925228118896484375 -0.0405967570841312408447265625 -0.0235899649560451507568359375 
-0.0355372130870819091796875 -0.05668039619922637939453125 -0.077335767447948455810546875 -0.004007878713309764862060546875 -0.0572417639195919036865234375 

-0.00487052090466022491455078125 -0.00292605883441865444183349609375 -0.0616795122623443603515625 -0.07636225223541259765625 -0.079091079533100128173828125 
-0.039066903293132781982421875 -0.0538297332823276519775390625 -0.102398298680782318115234375 -0.10379455983638763427734375 -0.08361791074275970458984375 
-0.023144058883190155029296875 -0.0322622992098331451416015625 -0.0582101829349994659423828125 -0.084544114768505096435546875 -0.027202405035495758056640625 
0.0460877530276775360107421875 0.066301643848419189453125 0.0409671366214752197265625 0.0332845151424407958984375 0.065377853810787200927734375 
0.062795937061309814453125 0.071689002215862274169921875 0.08847986161708831787109375 0.119841463863849639892578125 0.0956838130950927734375 

-0.012218627147376537322998046875 -0.00815974362194538116455078125 0.002389824949204921722412109375 -0.02397012151777744293212890625 -0.066448986530303955078125 
0.008716217242181301116943359375 0.0424772314727306365966796875 0.080951593816280364990234375 -0.0444281436502933502197265625 -0.12965758144855499267578125 
0.12046308815479278564453125 0.078479044139385223388671875 -0.013142150826752185821533203125 -0.083201281726360321044921875 -0.01025232858955860137939453125 
0.0411368310451507568359375 -0.0599151439964771270751953125 -0.043189711868762969970703125 -0.0073600322939455509185791015625 0.03305371105670928955078125 
-0.008085020817816257476806640625 -0.06101144850254058837890625 -0.076263360679149627685546875 -0.072023279964923858642578125 -0.0389011017978191375732421875 

0.04943992197513580322265625 0.060640655457973480224609375 0.07133625447750091552734375 0.15993499755859375 0.12460482120513916015625 
0.041645728051662445068359375 0.02229780144989490509033203125 0.031254075467586517333984375 0.09479193389415740966796875 -0.01710009761154651641845703125 
-0.01167026348412036895751953125 -0.075555734336376190185546875 -0.08855487406253814697265625 -0.061821393668651580810546875 -0.10352234542369842529296875 
-0.1010865867137908935546875 -0.09207563102245330810546875 -0.131721675395965576171875 -0.044830046594142913818359375 -0.0385210625827312469482421875 
-0.12602372467517852783203125 0.0042889327742159366607666015625 0.02731364406645298004150390625 0.0368926562368869781494140625 0.0030387700535356998443603515625 

0.10293249785900115966796875 0.0609602294862270355224609375 0.08984737098217010498046875 0.013030556030571460723876953125 -0.1191869080066680908203125 
0.0605220980942249298095703125 0.053408809006214141845703125 0.02409228868782520294189453125 -0.10260571539402008056640625 -0.13925658166408538818359375 
-0.0333525054156780242919921875 -0.09585873782634735107421875 -0.13664042949676513671875 -0.1179092228412628173828125 -0.033456780016422271728515625 
-0.1525089442729949951171875 -0.1517127454280853271484375 -0.0666497051715850830078125 -0.0322272814810276031494140625 -0.05523395538330078125 
0.02314895205199718475341796875 0.01360130868852138519287109375 0.0318461991846561431884765625 0.01999433897435665130615234375 -0.0020837313495576381683349609375 


0.0269142501056194305419921875 0.0612966232001781463623046875 0.070955879986286163330078125 0.0115442015230655670166015625 -0.013892899267375469207763671875 
-0.0192061699926853179931640625 -0.0367181934416294097900390625 0.07159864902496337890625 0.076562345027923583984375 0.0562172941863536834716796875 
-0.101948611438274383544921875 -0.083198718726634979248046875 0.00227886275388300418853759765625 -0.0553152970969676971435546875 0.0143059529364109039306640625 
-0.07493738830089569091796875 -0.08085882663726806640625 -0.109823353588581085205078125 -0.0494582541286945343017578125 -0.0399823896586894989013671875 
0.0327664278447628021240234375 0.031868278980255126953125 0.054728917777538299560546875 0.0473403893411159515380859375 -0.0324489586055278778076171875 

-0.0358354188501834869384765625 -0.0042424858547747135162353515625 0.0625966489315032958984375 0.008071406744420528411865234375 -0.05981989204883575439453125 
-0.052631519734859466552734375 -0.068542182445526123046875 -0.02661862783133983612060546875 0.0346658043563365936279296875 0.0380337648093700408935546875 
-0.070531986653804779052734375 0.00748111307621002197265625 0.02837721072137355804443359375 -0.0291384123265743255615234375 -0.00890349783003330230712890625 
-0.080186784267425537109375 -0.0558838210999965667724609375 -0.031746394932270050048828125 0.00825272686779499053955078125 0.1544959843158721923828125 
-0.0060415253974497318267822265625 -0.06723000109195709228515625 -0.081737466156482696533203125 -0.03874988853931427001953125 7.21077813068404793739318847656e-05 

-0.0315708555281162261962890625 -0.01246972382068634033203125 -0.008017669431865215301513671875 -0.00474510900676250457763671875 -0.0067341192625463008880615234375 
0.0788547098636627197265625 0.08459831774234771728515625 0.069463633000850677490234375 0.07692597806453704833984375 0.0621657781302928924560546875 
0.0309475474059581756591796875 0.05522544682025909423828125 -0.0137245096266269683837890625 -0.02449807710945606231689453125 -0.043334759771823883056640625 
0.0276183076202869415283203125 0.06205312907695770263671875 -0.0067981784231960773468017578125 -0.1143392622470855712890625 -0.187005817890167236328125 
-0.0498972199857234954833984375 0.023843981325626373291015625 0.065679691731929779052734375 0.02853303961455821990966796875 -0.05151300132274627685546875 

-0.108923666179180145263671875 -0.13506317138671875 -0.1437738239765167236328125 -0.105838485062122344970703125 -0.098266057670116424560546875 
-0.006517681293189525604248046875 0.03344686329364776611328125 0.02998002432286739349365234375 -0.00986349023878574371337890625 -0.0462205000221729278564453125 
0.141148269176483154296875 0.23054622113704681396484375 0.2320444583892822265625 0.17299211025238037109375 0.027753300964832305908203125 
0.0541358925402164459228515625 0.11163997650146484375 0.13610638678073883056640625 0.14365781843662261962890625 0.118420563638210296630859375 
-0.02512766607105731964111328125 -0.08384953439235687255859375 -0.12392492592334747314453125 -0.12889577448368072509765625 -0.1487566530704498291015625 

-0.04803447425365447998046875 -0.038877762854099273681640625 -0.02899558283388614654541015625 -0.0594427101314067840576171875 -0.013000850565731525421142578125 
0.04247532784938812255859375 0.073355495929718017578125 0.009764916263520717620849609375 -0.00281100929714739322662353515625 0.0327924750745296478271484375 
0.00862921774387359619140625 0.0211804211139678955078125 -0.0495415590703487396240234375 -0.063242398202419281005859375 0.00147194962482899427413940429688 
-0.0829399526119232177734375 -0.038148321211338043212890625 -0.131841123104095458984375 -0.13266824185848236083984375 -0.03212945163249969482421875 
-0.030434526503086090087890625 -0.0319107659161090850830078125 -0.0525339506566524505615234375 -0.0430695302784442901611328125 -0.04092748463153839111328125 

0.035652793943881988525390625 0.0363310389220714569091796875 0.0057120150886476039886474609375 -0.0541973002254962921142578125 -0.1045968532562255859375 
0.03963141143321990966796875 0.0576701126992702484130859375 0.085332535207271575927734375 0.060570739209651947021484375 0.00118094705976545810699462890625 
-0.00759218074381351470947265625 0.0336664877831935882568359375 0.094392471015453338623046875 0.02700403518974781036376953125 0.0400106944143772125244140625 
-0.104554332792758941650390625 -0.105773456394672393798828125 -0.113383710384368896484375 0.0057218349538743495941162109375 -0.01744236052036285400390625 
-0.069440044462680816650390625 -0.06921823322772979736328125 -0.0970827639102935791015625 -0.0893422067165374755859375 -0.1406053006649017333984375 


-0.0343933068215847015380859375 -0.07724273204803466796875 -0.0821904838085174560546875 -0.1241786181926727294921875 -0.09582479298114776611328125 
0.071817673742771148681640625 0.092903099954128265380859375 0.076104886829853057861328125 0.074821867048740386962890625 -0.0426703803241252899169921875 
-0.024736665189266204833984375 0.0399064533412456512451171875 0.04853574931621551513671875 0.09317512810230255126953125 0.07997691631317138671875 
-0.101432137191295623779296875 -0.033553548157215118408203125 0.00133916910272091627120971679688 0.00376463471911847591400146484375 0.011755120940506458282470703125 
-0.098166160285472869873046875 -0.08977206051349639892578125 -0.046486191451549530029296875 -0.0279681421816349029541015625 -0.01958616264164447784423828125 

0.03103612549602985382080078125 -0.058521859347820281982421875 -0.1383785307407379150390625 -0.064989693462848663330078125 0.0121372640132904052734375 
0.04014743864536285400390625 0.012042810209095478057861328125 -0.0417103506624698638916015625 -0.1253942549228668212890625 -0.10173363983631134033203125 
0.0370011068880558013916015625 -0.0173172391951084136962890625 -0.0430359430611133575439453125 -0.08275215327739715576171875 -0.108117006719112396240234375 
-0.0448305122554302215576171875 -0.055041491985321044921875 -0.0585531853139400482177734375 -0.063528858125209808349609375 -0.0499183200299739837646484375 
-0.04155719280242919921875 -0.0283501408994197845458984375 -0.06844188272953033447265625 -0.0481774099171161651611328125 -0.00303534348495304584503173828125 

0.0311303436756134033203125 0.12137496471405029296875 0.07630957663059234619140625 0.015615306794643402099609375 -0.099787943065166473388671875 
0.02895896323025226593017578125 0.090425379574298858642578125 0.1594569683074951171875 0.13506002724170684814453125 0.056925542652606964111328125 
-0.0319848395884037017822265625 0.0439041219651699066162109375 0.0628792345523834228515625 0.086629770696163177490234375 0.123184479773044586181640625 
-0.0509428419172763824462890625 -0.0567000620067119598388671875 0.01319496519863605499267578125 0.0598196499049663543701171875 0.12334191799163818359375 
-0.078832812607288360595703125 -0.09041918814182281494140625 -0.0799452364444732666015625 -0.00169586495030671358108520507812 0.0340563766658306121826171875 

0.01987981982529163360595703125 0.0403198190033435821533203125 0.0427806414663791656494140625 0.069658555090427398681640625 0.1484129428863525390625 
0.067281387746334075927734375 0.0622919313609600067138671875 0.0585774444043636322021484375 0.00856375880539417266845703125 -0.000540839158929884433746337890625 
0.100890465080738067626953125 0.08818466961383819580078125 0.079438500106334686279296875 0.082416601479053497314453125 0.0364442430436611175537109375 
-0.0094754360616207122802734375 0.00320013798773288726806640625 -0.013998277485370635986328125 0.041188023984432220458984375 0.072781272232532501220703125 
-0.03152202069759368896484375 -0.02098156325519084930419921875 -0.0306004546582698822021484375 -0.0211622007191181182861328125 -0.00247335643507540225982666015625 

-0.03230760991573333740234375 -0.046717107295989990234375 -0.1547646820545196533203125 -0.17433929443359375 -0.118667460978031158447265625 
-0.0223912410438060760498046875 -0.0071039213798940181732177734375 -0.010264859534800052642822265625 -0.0429076068103313446044921875 -0.07841575145721435546875 
-0.0440616495907306671142578125 0.0309652872383594512939453125 0.0370290987193584442138671875 -0.02391067333519458770751953125 -0.0312392003834247589111328125 
-0.08065371215343475341796875 -0.010608066804707050323486328125 0.030811913311481475830078125 0.0616746582090854644775390625 0.02657025866210460662841796875 
-0.058876581490039825439453125 -0.076511047780513763427734375 -0.081957638263702392578125 0.01179982721805572509765625 -0.00133869040291756391525268554688 

-0.096150241792201995849609375 -0.2072124481201171875 -0.210444509983062744140625 -0.101946413516998291015625 0.060310877859592437744140625 
-0.008253970183432102203369140625 -0.0144839398562908172607421875 0.00103514047805219888687133789062 -0.059357106685638427734375 -0.0464045889675617218017578125 
0.00211964803747832775115966796875 0.012303662486374378204345703125 0.027203403413295745849609375 0.00111266307067126035690307617188 -0.036865599453449249267578125 
-0.06671814620494842529296875 -0.00343498028814792633056640625 0.0193162262439727783203125 0.02805227227509021759033203125 0.010272116400301456451416015625 
-0.111623473465442657470703125 -0.089152432978153228759765625 -0.0475207827985286712646484375 -0.0219877772033214569091796875 -0.0077853235416114330291748046875 


-0.131394088268280029296875 -0.13924719393253326416015625 -0.082804739475250244140625 0.013739503920078277587890625 0.102584205567836761474609375 
0.032891832292079925537109375 -0.075608767569065093994140625 -0.16791369020938873291015625 -0.1078607141971588134765625 0.0330605208873748779296875 
0.1749230921268463134765625 0.0839848220348358154296875 0.008304716087877750396728515625 -0.0931940972805023193359375 -0.12552504241466522216796875 
0.06592158973217010498046875 0.055915154516696929931640625 0.06496475636959075927734375 0.10506938397884368896484375 0.062491483986377716064453125 
0.014647933654487133026123046875 -0.015351496636867523193359375 0.014862346462905406951904296875 0.0574643947184085845947265625 0.0869078338146209716796875 

0.0325236208736896514892578125 -0.0342935435473918914794921875 -0.05028672516345977783203125 0.038419418036937713623046875 0.02354008890688419342041015625 
-0.0845461785793304443359375 -0.1434057056903839111328125 -0.14021980762481689453125 -0.066030085086822509765625 0.016861401498317718505859375 
-0.08031336963176727294921875 -0.13089554011821746826171875 -0.18417291343212127685546875 -0.14917914569377899169921875 -0.076294906437397003173828125 
-0.0062624295242130756378173828125 -0.092412412166595458984375 -0.1850974261760711669921875 -0.1506053507328033447265625 -0.08404518663883209228515625 
0.094029046595096588134765625 -0.01923629455268383026123046875 -0.040232531726360321044921875 0.01407886855304241180419921875 0.0375089310109615325927734375 

-0.070069082081317901611328125 -0.123642794787883758544921875 -0.0791151225566864013671875 -0.092809580266475677490234375 -0.0227785594761371612548828125 
0.196082890033721923828125 0.118459023535251617431640625 0.03479675948619842529296875 -0.01970920152962207794189453125 0.00233646505512297153472900390625 
0.100355438888072967529296875 0.20486845076084136962890625 0.21147976815700531005859375 0.1619590818881988525390625 -0.01128702424466609954833984375 
-0.0610499642789363861083984375 0.0697555840015411376953125 0.104920335114002227783203125 0.175101101398468017578125 0.0591497458517551422119140625 
-0.104782186448574066162109375 0.011692547239363193511962890625 0.076647020876407623291015625 0.075337924063205718994140625 0.063145183026790618896484375 

0.045471943914890289306640625 0.0023147384636104106903076171875 0.01586176268756389617919921875 -0.02723683230578899383544921875 0.0128608532249927520751953125 
0.035106308758258819580078125 0.065734922885894775390625 0.1303601562976837158203125 0.21871741116046905517578125 0.20304389297962188720703125 
0.0229917950928211212158203125 0.0068891947157680988311767578125 -0.0186589062213897705078125 0.090932495892047882080078125 0.14118008315563201904296875 
-0.0514630042016506195068359375 -0.007385847158730030059814453125 0.0162969566881656646728515625 0.01821637339890003204345703125 -0.08039020001888275146484375 
-0.1082157790660858154296875 -0.068944834172725677490234375 -0.048084847629070281982421875 0.052704371511936187744140625 0.0385553352534770965576171875 

-0.115904040634632110595703125 -0.037748873233795166015625 -0.0312652103602886199951171875 -0.0050194473005831241607666015625 0.02527717314660549163818359375 
-0.0468133799731731414794921875 -0.09650303423404693603515625 -0.12492610514163970947265625 -0.0415943525731563568115234375 -0.0123558454215526580810546875 
0.013295807875692844390869140625 0.0067597664892673492431640625 -0.05937604606151580810546875 -0.1284426152706146240234375 -0.093421287834644317626953125 
0.03013045154511928558349609375 0.00681103207170963287353515625 -0.004893018864095211029052734375 -0.00587702356278896331787109375 -0.001528189517557621002197265625 
0.092963106930255889892578125 0.0426082648336887359619140625 0.014369956217706203460693359375 0.0247842334210872650146484375 0.0474770553410053253173828125 

-0.10853429138660430908203125 -0.11855845153331756591796875 -0.003675937652587890625 0.10314671695232391357421875 0.1240215003490447998046875 
-0.16936147212982177734375 -0.20786865055561065673828125 -0.116609714925289154052734375 0.0794242322444915771484375 0.123064123094081878662109375 
0.02455730922520160675048828125 -0.0753363072872161865234375 -0.17303751409053802490234375 -0.14019005000591278076171875 -0.078567691147327423095703125 
0.0689370334148406982421875 -0.00883285701274871826171875 0.00865684263408184051513671875 -0.02091022022068500518798828125 -0.0993111431598663330078125 
0.0569415427744388580322265625 0.00155059678945690393447875976562 0.0272456891834735870361328125 0.027352504432201385498046875 -0.041068680584430694580078125 


-0.104709379374980926513671875 0.044948928058147430419921875 0.06102716922760009765625 -0.029471583664417266845703125 -0.088485300540924072265625 
0.02638222463428974151611328125 0.13605248928070068359375 0.0050868107937276363372802734375 -0.112603284418582916259765625 0.0903958976268768310546875 
0.1250736713409423828125 0.072179429233074188232421875 -0.115325830876827239990234375 -0.0067022494040429592132568359375 0.11552967131137847900390625 
0.019254744052886962890625 -0.000137060662382282316684722900391 -0.0327937118709087371826171875 -0.067367635667324066162109375 -0.0964834690093994140625 
0.057047717273235321044921875 0.036796472966670989990234375 0.0464152209460735321044921875 0.01699823699891567230224609375 0.04654644429683685302734375 

-0.0190727524459362030029296875 -0.064019866287708282470703125 0.0706219971179962158203125 0.08030234277248382568359375 -0.01832438446581363677978515625 
-0.02416019141674041748046875 0.172374665737152099609375 0.23176594078540802001953125 0.0654997527599334716796875 -0.0344696454703807830810546875 
0.17302145063877105712890625 0.252252161502838134765625 0.0597760118544101715087890625 -0.085344858467578887939453125 0.17927801609039306640625 
0.11353035271167755126953125 0.02751403488218784332275390625 -0.07227750122547149658203125 0.02055085636675357818603515625 0.107241339981555938720703125 
0.008461517281830310821533203125 -0.015019710175693035125732421875 -0.01963805593550205230712890625 -0.04877592623233795166015625 -0.042778633534908294677734375 

0.010395341552793979644775390625 0.025673590600490570068359375 0.0410726703703403472900390625 -0.0433485209941864013671875 -0.0557463727891445159912109375 
0.0576499886810779571533203125 -0.0053829480893909931182861328125 -0.0377093069255352020263671875 -0.1407698690891265869140625 -0.08784680068492889404296875 
0.012531523592770099639892578125 -0.0587027706205844879150390625 -0.16605456173419952392578125 -0.160407364368438720703125 -0.0647137165069580078125 
-0.0147921144962310791015625 -0.0263271033763885498046875 -0.01177170313894748687744140625 0.084076099097728729248046875 0.068695180118083953857421875 
0.0192077718675136566162109375 -0.006976434029638767242431640625 0.0479203201830387115478515625 0.083517439663410186767578125 0.073813535273075103759765625 

0.0205906368792057037353515625 0.04123480618000030517578125 0.066205896437168121337890625 0.044646523892879486083984375 -0.002729774452745914459228515625 
-0.0300968028604984283447265625 0.013795793056488037109375 -0.0251294486224651336669921875 -0.104558341205120086669921875 -0.0287106670439243316650390625 
-0.0055316030047833919525146484375 -0.034939266741275787353515625 -0.14727306365966796875 -0.0526587255299091339111328125 0.1584637165069580078125 
0.0418314523994922637939453125 -0.09050805866718292236328125 -0.099308885633945465087890625 0.062825255095958709716796875 0.1983080208301544189453125 
-0.09897525608539581298828125 -0.10048441588878631591796875 -0.06818221509456634521484375 -0.01735956780612468719482421875 0.02357327379286289215087890625 

0.01934230141341686248779296875 -0.031505011022090911865234375 0.0786714851856231689453125 0.017410762608051300048828125 -0.0473601631820201873779296875 
-0.0725176632404327392578125 0.02629245817661285400390625 0.092667333781719207763671875 -0.07012535631656646728515625 -0.108531571924686431884765625 
-0.0388111956417560577392578125 0.0510814376175403594970703125 0.0441870391368865966796875 -0.114906646311283111572265625 -0.0142177045345306396484375 
-0.02203459851443767547607421875 0.00979362241923809051513671875 -0.042961113154888153076171875 -0.0366248600184917449951171875 -0.0339632928371429443359375 
-0.05951701104640960693359375 -0.0468758083879947662353515625 -0.02675710059702396392822265625 -0.006947115994989871978759765625 -0.066597573459148406982421875 

-0.093812890350818634033203125 -0.0061791925691068172454833984375 0.06327760219573974609375 -0.059299491345882415771484375 -0.072992973029613494873046875 
-0.072418749332427978515625 0.0828139781951904296875 0.00834850780665874481201171875 -0.098351605236530303955078125 0.075045950710773468017578125 
0.02362391911447048187255859375 0.00773937068879604339599609375 -0.17397810518741607666015625 0.012215838767588138580322265625 0.21082751452922821044921875 
-0.005661822855472564697265625 -0.099208734929561614990234375 -0.13304533064365386962890625 -0.00098398304544389247894287109375 0.0428786464035511016845703125 
-0.056924067437648773193359375 -0.02934700436890125274658203125 -0.0205223746597766876220703125 -0.0569950379431247711181640625 -0.054247818887233734130859375 


-0.0584427528083324432373046875 -0.08001358807086944580078125 0.02273404039442539215087890625 -0.0068053198046982288360595703125 0.02165909670293331146240234375 
-0.085435785353183746337890625 -0.0489554442465305328369140625 0.10177385807037353515625 0.0418600142002105712890625 -0.0144229829311370849609375 
-0.12097914516925811767578125 -0.038879416882991790771484375 0.0466113947331905364990234375 -0.039191983640193939208984375 -0.15926755964756011962890625 
-0.033447034657001495361328125 0.008029663003981113433837890625 0.0210757143795490264892578125 -0.10439418256282806396484375 -0.20472447574138641357421875 
0.0270784832537174224853515625 -0.02447893284261226654052734375 -0.029861532151699066162109375 -0.1001416742801666259765625 -0.075717471539974212646484375 

-0.016700200736522674560546875 -0.0466840602457523345947265625 -0.0527518652379512786865234375 -0.012177444063127040863037109375 -0.02598653733730316162109375 
0.019643597304821014404296875 -0.0559831745922565460205078125 0.0195367448031902313232421875 0.068168960511684417724609375 0.08633027970790863037109375 
0.0078084333799779415130615234375 -0.12526164948940277099609375 0.054370470345020294189453125 0.0523952953517436981201171875 0.01389875076711177825927734375 
-0.072388134896755218505859375 -0.0463983155786991119384765625 0.0335637666285037994384765625 -0.00107302924152463674545288085938 -0.11200845241546630859375 
0.0069608693011105060577392578125 0.038150496780872344970703125 0.063370339572429656982421875 -0.011242617852985858917236328125 -0.080889068543910980224609375 

0.0580646693706512451171875 -0.0617737136781215667724609375 -0.118267230689525604248046875 0.0204177163541316986083984375 0.04210336506366729736328125 
0.063897661864757537841796875 -0.068637989461421966552734375 -0.11172698438167572021484375 -0.055614434182643890380859375 -0.0504776537418365478515625 
0.0427342839539051055908203125 -0.112556062638759613037109375 -0.1464693844318389892578125 -0.047451145946979522705078125 -0.072937674820423126220703125 
0.0336565412580966949462890625 -0.05544078350067138671875 -0.1246061623096466064453125 -0.0073002562858164310455322265625 -0.0046443394385278224945068359375 
0.070691883563995361328125 0.02166630513966083526611328125 -0.01788379438221454620361328125 0.0601765401661396026611328125 0.06302188336849212646484375 

-0.066794373095035552978515625 -0.10652779042720794677734375 -0.13539569079875946044921875 -0.0491327978670597076416015625 0.0167980007827281951904296875 
0.04160644114017486572265625 0.0033267536200582981109619140625 -0.068652175366878509521484375 -0.023174934089183807373046875 0.067461065948009490966796875 
0.0045379591174423694610595703125 -0.0491371490061283111572265625 -0.0746197402477264404296875 -0.0563793517649173736572265625 0.03891105949878692626953125 
-0.090601742267608642578125 -0.073778711259365081787109375 -0.02199821174144744873046875 -0.0617788918316364288330078125 -0.06676959991455078125 
-0.111569590866565704345703125 -0.047967620193958282470703125 0.0198408402502536773681640625 -0.02992820180952548980712890625 -0.08465965092182159423828125 

0.0241774208843708038330078125 -0.11357970535755157470703125 -0.086931653320789337158203125 0.0738985538482666015625 -0.030761636793613433837890625 
0.0592926107347011566162109375 -0.14320005476474761962890625 -0.0571790896356105804443359375 0.12540547549724578857421875 -0.024747096002101898193359375 
0.0461921133100986480712890625 -0.1426351964473724365234375 0.024886779487133026123046875 0.1743353307247161865234375 0.0068711899220943450927734375 
0.00191664637532085180282592773438 -0.0515921413898468017578125 0.0562746711075305938720703125 0.1841294765472412109375 0.003761493600904941558837890625 
0.032767437398433685302734375 -0.01436376385390758514404296875 0.069997943937778472900390625 0.1329571902751922607421875 -0.0611055232584476470947265625 

-0.09753002226352691650390625 -0.0531015731394290924072265625 0.072178624570369720458984375 0.0042615938000380992889404296875 -0.042924173176288604736328125 
-0.074054740369319915771484375 0.012118949554860591888427734375 0.14995901286602020263671875 0.04872794449329376220703125 -0.012076574377715587615966796875 
-0.16275928914546966552734375 0.0382884927093982696533203125 0.18926994502544403076171875 0.027409769594669342041015625 -0.131163060665130615234375 
-0.1449940502643585205078125 0.0207641310989856719970703125 0.1792118251323699951171875 -0.02872739546000957489013671875 -0.2575518190860748291015625 
-0.084040649235248565673828125 0.0517719946801662445068359375 0.0324759893119335174560546875 -0.094746075570583343505859375 -0.17232806980609893798828125 


0.0535292066633701324462890625 0.00913287512958049774169921875 -0.0200718156993389129638671875 -0.018689565360546112060546875 0.0543900616466999053955078125 
-0.076809145510196685791015625 -0.0442557521164417266845703125 0.009701653383672237396240234375 0.01800802908837795257568359375 -0.013939131982624530792236328125 
-0.1239952147006988525390625 -0.101181350648403167724609375 -0.091987736523151397705078125 -0.13400532305240631103515625 -0.15676558017730712890625 
-0.014145038090646266937255859375 -0.000498745299410074949264526367188 0.0505337081849575042724609375 0.1591772735118865966796875 0.199814140796661376953125 
0.079399548470973968505859375 0.082702182233333587646484375 0.0599215067923069000244140625 0.0613584816455841064453125 0.0743316709995269775390625 

0.02625188045203685760498046875 -0.0014670523814857006072998046875 0.036398828029632568359375 0.0576062761247158050537109375 0.074883364140987396240234375 
0.00250649009831249713897705078125 0.006272160448133945465087890625 0.0463786981999874114990234375 0.14447844028472900390625 0.16179408133029937744140625 
-0.1699427664279937744140625 -0.0469176433980464935302734375 0.083668209612369537353515625 0.0927161872386932373046875 0.02163933403789997100830078125 
-0.0515698678791522979736328125 -0.024152778089046478271484375 -0.02173847518861293792724609375 -0.01707815937697887420654296875 0.027207203209400177001953125 
0.00380734005011618137359619140625 -0.01833848468959331512451171875 0.0104546584188938140869140625 -0.00131252186838537454605102539062 0.0444441698491573333740234375 

0.15301616489887237548828125 0.068611361086368560791015625 -0.0306724719703197479248046875 -0.067807652056217193603515625 -0.09266392886638641357421875 
-0.0440540425479412078857421875 0.0408490188419818878173828125 0.0143406689167022705078125 -0.0588223151862621307373046875 -0.17758715152740478515625 
0.02493801899254322052001953125 0.0124259889125823974609375 -0.026751779019832611083984375 -0.091813407838344573974609375 -0.1042598783969879150390625 
-0.0339171849191188812255859375 0.02495653368532657623291015625 0.02040735073387622833251953125 0.028380550444126129150390625 0.080384731292724609375 
0.0445914380252361297607421875 0.065547533333301544189453125 0.02337888069450855255126953125 0.03924621641635894775390625 0.089568845927715301513671875 

0.03352220356464385986328125 -0.008244554512202739715576171875 -0.0337510146200656890869140625 -0.07050193846225738525390625 0.005277481861412525177001953125 
0.2541172206401824951171875 0.186132490634918212890625 0.1434433460235595703125 0.10681474208831787109375 0.0176678411662578582763671875 
0.0554005093872547149658203125 0.101121090352535247802734375 0.16016374528408050537109375 0.082185260951519012451171875 -0.0620295740664005279541015625 
-0.0310803763568401336669921875 -0.07471764087677001953125 -0.104959428310394287109375 0.004357938654720783233642578125 0.10620860755443572998046875 
-0.044577173888683319091796875 -0.032746814191341400146484375 0.01613374240696430206298828125 0.13034446537494659423828125 0.13983522355556488037109375 

0.12316368520259857177734375 0.02663771621882915496826171875 0.0056843101046979427337646484375 0.068520419299602508544921875 -0.01180803216993808746337890625 
0.035856537520885467529296875 0.0266050286591053009033203125 0.0343863703310489654541015625 0.022252239286899566650390625 -0.0605691634118556976318359375 
-0.106678009033203125 -0.14446593821048736572265625 -0.1408893167972564697265625 -0.140993177890777587890625 -0.14515735208988189697265625 
-0.104015789926052093505859375 -0.12666545808315277099609375 -0.18146233260631561279296875 -0.20243598520755767822265625 -0.09775762259960174560546875 
-0.0515021868050098419189453125 -0.065960370004177093505859375 -0.036170177161693572998046875 -0.012486922554671764373779296875 -0.0166175365447998046875 

0.014567271806299686431884765625 -0.0355300791561603546142578125 0.0245652087032794952392578125 -0.008009747602045536041259765625 0.0326434187591075897216796875 
0.02194415591657161712646484375 0.01491785235702991485595703125 0.008317221887409687042236328125 -0.0176352299749851226806640625 -0.02642251737415790557861328125 
-0.199878275394439697265625 -0.137801587581634521484375 -0.128995001316070556640625 -0.172150909900665283203125 -0.2437322139739990234375 
-0.0754005908966064453125 -0.13853819668292999267578125 -0.1655285358428955078125 -0.02551429159939289093017578125 0.0283370055258274078369140625 
-0.01740410737693309783935546875 0.0041276919655501842498779296875 -0.0010727434419095516204833984375 0.1262744367122650146484375 0.092338539659976959228515625 


0.0146538428962230682373046875 0.02777993679046630859375 0.0074928277172148227691650390625 -0.048651702702045440673828125 -0.07378365099430084228515625 
-0.0063287881202995777130126953125 -0.03003434650599956512451171875 -0.0068800873123109340667724609375 0.0448127575218677520751953125 0.0932891666889190673828125 
0.0408872999250888824462890625 0.105197601020336151123046875 0.171462833881378173828125 0.115006946027278900146484375 0.0498334206640720367431640625 
-0.0361237339675426483154296875 0.01616519503295421600341796875 -0.00408894754946231842041015625 -0.127962172031402587890625 -0.07826365530490875244140625 
-0.112765617668628692626953125 -0.094247601926326751708984375 -0.0285656116902828216552734375 0.07515908777713775634765625 0.0511900894343852996826171875 

-0.017128132283687591552734375 0.01474536769092082977294921875 0.0531074143946170806884765625 -0.094613492488861083984375 -0.105576537549495697021484375 
-0.0421947278082370758056640625 -0.0620953030884265899658203125 -0.0125855244696140289306640625 -0.048459827899932861328125 -0.006262673996388912200927734375 
-0.059575907886028289794921875 -0.0060880645178258419036865234375 0.104773037135601043701171875 0.22819411754608154296875 0.15415765345096588134765625 
0.00838593207299709320068359375 0.093056619167327880859375 0.2145026028156280517578125 0.1329216063022613525390625 0.0467402301728725433349609375 
-0.045923478901386260986328125 -0.10186158120632171630859375 -0.1378371715545654296875 -0.01578106544911861419677734375 0.15035267174243927001953125 

-0.097439587116241455078125 0.0060021248646080493927001953125 -0.02961937524378299713134765625 0.02109076268970966339111328125 0.00461426936089992523193359375 
0.070611648261547088623046875 0.0350550226867198944091796875 0.06557781994342803955078125 0.104274928569793701171875 0.0614497251808643341064453125 
0.089145056903362274169921875 0.081877522170543670654296875 -0.0441777519881725311279296875 -0.0405484996736049652099609375 -0.080168969929218292236328125 
-0.0400318242609500885009765625 -0.0947711765766143798828125 -0.15840129554271697998046875 -0.12737925350666046142578125 -0.138799369335174560546875 
-0.01715006865561008453369140625 0.0264133922755718231201171875 0.041549287736415863037109375 -0.02046938054263591766357421875 -0.110095433890819549560546875 

-0.18291218578815460205078125 -0.16159228980541229248046875 -0.064340464770793914794921875 0.004184353165328502655029296875 -0.01988461427390575408935546875 
-0.1389350593090057373046875 -0.091226585209369659423828125 -0.085919044911861419677734375 -0.0556836426258087158203125 -0.0337008871138095855712890625 
0.078780196607112884521484375 0.083185024559497833251953125 0.11084489524364471435546875 0.15665425360202789306640625 0.1202952563762664794921875 
0.17903216183185577392578125 0.17980457842350006103515625 0.1708187162876129150390625 0.08895015716552734375 -0.000939729681704193353652954101562 
-0.02903647162020206451416015625 -0.01729201339185237884521484375 -0.074161313474178314208984375 -0.10782037675380706787109375 -0.0759570896625518798828125 

0.0448205471038818359375 0.02816109359264373779296875 0.054980449378490447998046875 0.0075603467412292957305908203125 0.039317436516284942626953125 
0.055302895605564117431640625 0.01221290044486522674560546875 0.012584487907588481903076171875 -0.0571712814271450042724609375 0.0255664475262165069580078125 
0.0568662397563457489013671875 -0.069864355027675628662109375 -0.12847273051738739013671875 -0.04781703650951385498046875 0.0522731430828571319580078125 
-0.049646042287349700927734375 -0.0679104030132293701171875 -0.1118874847888946533203125 -0.091680049896240234375 -0.0399285256862640380859375 
-0.0027634953148663043975830078125 -0.00134539359714835882186889648438 -0.038528621196746826171875 -0.0472394190728664398193359375 0.009902097284793853759765625 

0.01180603541433811187744140625 0.005559726618230342864990234375 -0.0195911340415477752685546875 -0.05781100690364837646484375 -0.075826205313205718994140625 
0.016393937170505523681640625 0.013660944066941738128662109375 -0.075187027454376220703125 -0.1047272980213165283203125 -0.005799130536615848541259765625 
0.074653916060924530029296875 0.03979337215423583984375 0.11921261250972747802734375 0.1298876702785491943359375 0.064087532460689544677734375 
0.03444184362888336181640625 0.0556401871144771575927734375 0.0063253021799027919769287109375 -0.08350871503353118896484375 -0.1006650030612945556640625 
-0.0304072462022304534912109375 -0.08596475422382354736328125 -0.100384056568145751953125 -0.0555669777095317840576171875 -0.00945827178657054901123046875 


-0.0463537685573101043701171875 0.0078088217414915561676025390625 0.03963954746723175048828125 -0.0924808681011199951171875 -0.118646107614040374755859375 
-0.100782491266727447509765625 -0.10242335498332977294921875 -0.120269358158111572265625 0.012923933565616607666015625 0.1206404268741607666015625 
-0.0790171921253204345703125 0.0493016429245471954345703125 0.1619876921176910400390625 0.15030668675899505615234375 0.0412639081478118896484375 
0.109012655913829803466796875 0.11200137436389923095703125 0.05199737846851348876953125 -0.064984939992427825927734375 -0.069898746907711029052734375 
0.15516488254070281982421875 0.02090684883296489715576171875 -0.09466902911663055419921875 -0.1016367375850677490234375 0.0088293440639972686767578125 

-0.01306920684874057769775390625 -0.06063897907733917236328125 -0.015284755267202854156494140625 -0.0257180444896221160888671875 -0.0536238811910152435302734375 
-0.02528646402060985565185546875 -0.003765933215618133544921875 -0.023415140807628631591796875 -0.040416158735752105712890625 0.131023347377777099609375 
-0.0675314366817474365234375 -0.0365414917469024658203125 0.02369877137243747711181640625 0.2176875770092010498046875 0.2346852719783782958984375 
-0.0549929402768611907958984375 0.070784747600555419921875 0.147663295269012451171875 0.083785913884639739990234375 -0.0274240784347057342529296875 
0.0426029823720455169677734375 0.09933720529079437255859375 -0.0097291469573974609375 -0.07560169696807861328125 -0.079725362360477447509765625 

-0.02934517897665500640869140625 -0.027481801807880401611328125 -0.012419718317687511444091796875 0.02701735682785511016845703125 0.0295441336929798126220703125 
-0.074507571756839752197265625 -0.0162931717932224273681640625 -0.0550371669232845306396484375 -0.066012226045131683349609375 -0.0061943233013153076171875 
-0.0790918171405792236328125 -0.0502543561160564422607421875 -0.105112574994564056396484375 -0.095460712909698486328125 0.0069431927986443042755126953125 
-0.01709856279194355010986328125 -0.038661353290081024169921875 -0.0321446023881435394287109375 0.040374167263507843017578125 0.08537252247333526611328125 
-0.013594846241176128387451171875 0.0085241384804248809814453125 0.017181716859340667724609375 0.071234323084354400634765625 0.05851383507251739501953125 

0.0226708389818668365478515625 0.09335277974605560302734375 0.11024262011051177978515625 0.04253764450550079345703125 0.02089334093034267425537109375 
0.0405686907470226287841796875 0.0450243167579174041748046875 -0.01984143443405628204345703125 -0.03070050664246082305908203125 0.0204846374690532684326171875 
-0.070929728448390960693359375 -0.0668354332447052001953125 -0.069124661386013031005859375 -0.03000816144049167633056640625 0.0303860418498516082763671875 
-0.1882113516330718994140625 -0.112619690597057342529296875 -0.0458358228206634521484375 0.0023071612231433391571044921875 0.05864091217517852783203125 
-0.096502088010311126708984375 -0.0590873695909976959228515625 0.055199705064296722412109375 0.14737205207347869873046875 0.09888701140880584716796875 

0.069828145205974578857421875 0.033898405730724334716796875 0.0174552462995052337646484375 0.004539453424513339996337890625 -0.04284898936748504638671875 
-0.011923809535801410675048828125 -0.0701480209827423095703125 -0.1048993766307830810546875 -0.15332685410976409912109375 -0.0797550976276397705078125 
-0.123252309858798980712890625 -0.1159320175647735595703125 -0.14475153386592864990234375 -0.050618521869182586669921875 -0.0073676891624927520751953125 
-0.079766876995563507080078125 -0.0354602634906768798828125 -0.0065978565253317356109619140625 0.06536282598972320556640625 -0.036288820207118988037109375 
0.0513153262436389923095703125 0.095175363123416900634765625 0.0784149467945098876953125 0.0277293436229228973388671875 0.04097960889339447021484375 

-0.0027035181410610675811767578125 0.025220334529876708984375 0.02341815643012523651123046875 -0.0528280995786190032958984375 -0.070812590420246124267578125 
-0.08671976625919342041015625 -0.088133193552494049072265625 -0.17723362147808074951171875 -0.08575101196765899658203125 0.0451874174177646636962890625 
-0.13070411980152130126953125 -0.06140612065792083740234375 0.00999172590672969818115234375 0.11441786587238311767578125 0.095497779548168182373046875 
0.000646714761387556791305541992188 0.066555626690387725830078125 0.0815834701061248779296875 0.0099248588085174560546875 0.00806645862758159637451171875 
0.1395907700061798095703125 0.049668751657009124755859375 -0.0237538479268550872802734375 -0.01982581429183483123779296875 -0.0365802384912967681884765625 


-0.02599007077515125274658203125 -0.02089734934270381927490234375 0.0541594214737415313720703125 0.072308994829654693603515625 0.0474072434008121490478515625 
-0.02578025124967098236083984375 -0.0282511822879314422607421875 0.0503912679851055145263671875 0.081445775926113128662109375 -0.013941836543381214141845703125 
-0.038002617657184600830078125 -0.14690376818180084228515625 -0.0116013847291469573974609375 0.1563951075077056884765625 0.0460134930908679962158203125 
-0.100843913853168487548828125 -0.17578436434268951416015625 -0.1544160544872283935546875 0.014288407750427722930908203125 0.060891427099704742431640625 
0.0356128923594951629638671875 0.062487505376338958740234375 -0.010407428257167339324951171875 -0.0461878813803195953369140625 -0.0348836444318294525146484375 

0.0383987724781036376953125 0.0877687633037567138671875 0.089434064924716949462890625 0.163550555706024169921875 0.0584119148552417755126953125 
-0.012480053119361400604248046875 -0.0580460689961910247802734375 0.0042199320159852504730224609375 0.10071073472499847412109375 0.0417858771979808807373046875 
0.0072754584252834320068359375 -0.08629925549030303955078125 -0.23537807166576385498046875 -0.1622005999088287353515625 0.01194901578128337860107421875 
0.0440110303461551666259765625 -0.05525650084018707275390625 -0.14968423545360565185546875 -0.15365438163280487060546875 -0.041087202727794647216796875 
0.00331026106141507625579833984375 0.03799007833003997802734375 0.01378674805164337158203125 0.005436182953417301177978515625 -0.028009630739688873291015625 

-0.08912609517574310302734375 -0.0012855730019509792327880859375 0.02777177654206752777099609375 -0.066494993865489959716796875 -0.0314669348299503326416015625 
-0.168483436107635498046875 -0.0409237481653690338134765625 0.20052640140056610107421875 0.17473827302455902099609375 -0.04309369623661041259765625 
-0.146373927593231201171875 -0.11933632194995880126953125 0.0567726381123065948486328125 0.345535337924957275390625 0.118068672716617584228515625 
-0.086944855749607086181640625 -0.0799467265605926513671875 -0.08059532940387725830078125 0.14968006312847137451171875 0.18051624298095703125 
-0.050848431885242462158203125 -0.052903138101100921630859375 -0.0803911983966827392578125 -0.082128144800662994384765625 -0.0153381563723087310791015625 

-0.0033679804764688014984130859375 -0.101011537015438079833984375 -0.118142984807491302490234375 -0.072128243744373321533203125 -0.1121466457843780517578125 
0.014060885645449161529541015625 -0.031291745603084564208984375 -0.121812999248504638671875 -0.066291339695453643798828125 -0.012850428931415081024169921875 
0.00692082941532135009765625 0.098191671073436737060546875 0.07566893100738525390625 0.02647273801267147064208984375 -0.0249253101646900177001953125 
-0.0449596904218196868896484375 -0.0057170917280018329620361328125 0.11882983148097991943359375 0.05624093115329742431640625 -0.0283962748944759368896484375 
-0.098055183887481689453125 -0.127618610858917236328125 -0.092450089752674102783203125 -0.0620787180960178375244140625 -0.048063568770885467529296875 

-0.0389601401984691619873046875 0.0282503850758075714111328125 -0.03206312656402587890625 -0.11876611411571502685546875 -0.079419486224651336669921875 
-0.0589810572564601898193359375 -0.0158808417618274688720703125 0.08297549188137054443359375 0.0052374894730746746063232421875 -0.10359106957912445068359375 
-0.0566851198673248291015625 -0.0392471589148044586181640625 0.117496900260448455810546875 0.1950209140777587890625 -0.05786614120006561279296875 
-0.01391875557601451873779296875 -0.085987709462642669677734375 0.012076728977262973785400390625 0.16725444793701171875 0.01837223581969738006591796875 
-0.08961711823940277099609375 -0.12725828588008880615234375 -0.03017823956906795501708984375 0.073648266494274139404296875 0.024751842021942138671875 

0.044644065201282501220703125 -0.01599450223147869110107421875 -0.04549916088581085205078125 -0.02313920296728610992431640625 -0.0503129921853542327880859375 
0.0527491830289363861083984375 0.0555183179676532745361328125 0.0249403528869152069091796875 -0.037807174026966094970703125 -0.019300274550914764404296875 
0.00731340236961841583251953125 0.0158536694943904876708984375 0.122604496777057647705078125 0.02945136092603206634521484375 -0.0189442224800586700439453125 
-0.08580817282199859619140625 -0.084887512028217315673828125 0.0500086285173892974853515625 0.0395627878606319427490234375 -0.0766857564449310302734375 
-0.079876147210597991943359375 -0.1250812113285064697265625 -0.03003962151706218719482421875 0.00579619593918323516845703125 -0.071955256164073944091796875 


0.0173136293888092041015625 -0.02759308554232120513916015625 -0.0950512588024139404296875 -0.009605311788618564605712890625 -0.02300403080880641937255859375 
0.00105381908360868692398071289062 0.02985480614006519317626953125 -0.015852473676204681396484375 -0.013404555618762969970703125 0.0168523304164409637451171875 
0.0561881922185420989990234375 0.03300710022449493408203125 -0.094461105763912200927734375 -0.071137301623821258544921875 -0.037203259766101837158203125 
-0.0458728037774562835693359375 -0.10251806676387786865234375 -0.05907221138477325439453125 -0.07226376235485076904296875 -0.093583643436431884765625 
-0.0378044880926609039306640625 0.062810920178890228271484375 0.0378231108188629150390625 -0.0499708242714405059814453125 -0.085387580096721649169921875 

-0.0476758442819118499755859375 -0.0414798557758331298828125 -0.046806283295154571533203125 -0.1937539577484130859375 -0.1320774257183074951171875 
-0.083944372832775115966796875 -0.02788062207400798797607421875 -0.0466708503663539886474609375 -0.1018681228160858154296875 -0.11776004731655120849609375 
0.0066302954219281673431396484375 0.07644556462764739990234375 -0.004376885481178760528564453125 -0.111323244869709014892578125 -0.005466184578835964202880859375 
0.0734708607196807861328125 0.0547948777675628662109375 -0.0959801971912384033203125 -0.0068170805461704730987548828125 -0.0031812037341296672821044921875 
-0.00113437580876052379608154296875 -0.0491901747882366180419921875 -0.01683663018047809600830078125 0.0277279652655124664306640625 -0.0365159250795841217041015625 

0.042184360325336456298828125 0.06799666583538055419921875 0.046278081834316253662109375 -0.08169136941432952880859375 0.059468805789947509765625 
0.099827468395233154296875 0.121518917381763458251953125 0.088093422353267669677734375 -0.05950154364109039306640625 0.00135217828210443258285522460938 
0.0417084656655788421630859375 0.02752388082444667816162109375 -0.0442053340375423431396484375 -0.18532536923885345458984375 -0.116884768009185791015625 
-0.07796691358089447021484375 -0.0428297817707061767578125 -0.079352177679538726806640625 -0.153951346874237060546875 -0.0440282933413982391357421875 
-0.113073356449604034423828125 -0.0046035866253077983856201171875 0.04152309894561767578125 0.0136824287474155426025390625 0.0519075281918048858642578125 

-0.02904100716114044189453125 0.027286715805530548095703125 0.08197498321533203125 0.0342317111790180206298828125 -0.0482229702174663543701171875 
-0.00193704699631780385971069335938 0.0614963956177234649658203125 0.035450331866741180419921875 0.0060549429617822170257568359375 -0.085381925106048583984375 
0.068080358207225799560546875 0.05904878675937652587890625 -0.005339504219591617584228515625 -0.02325063012540340423583984375 -0.089673101902008056640625 
0.1219418346881866455078125 -0.007020083256065845489501953125 -0.114423118531703948974609375 -0.0500581152737140655517578125 -0.0329783521592617034912109375 
-0.008777760900557041168212890625 -0.07880730926990509033203125 -0.0584538914263248443603515625 0.012542919255793094635009765625 0.08857469260692596435546875 

-0.0167563818395137786865234375 -0.01755137555301189422607421875 -0.013365027494728565216064453125 -0.03401349484920501708984375 0.12812446057796478271484375 
-0.0229903794825077056884765625 -0.01388688944280147552490234375 -0.084460437297821044921875 -0.099037133157253265380859375 0.1182554066181182861328125 
-0.02783446945250034332275390625 -0.0243050642311573028564453125 -0.11660076677799224853515625 -0.0323815457522869110107421875 0.138720929622650146484375 
-0.0721434652805328369140625 -0.0436973012983798980712890625 -0.096312992274761199951171875 0.018641002476215362548828125 0.19231440126895904541015625 
-0.12592275440692901611328125 -0.075412750244140625 -0.0329974554479122161865234375 0.06812655925750732421875 0.16283012926578521728515625 

-0.041623942553997039794921875 -0.03091327659785747528076171875 0.015439814887940883636474609375 0.1292117536067962646484375 -0.00654528103768825531005859375 
-0.06351761519908905029296875 -0.0581006072461605072021484375 -0.0290718488395214080810546875 0.112302832305431365966796875 0.060618780553340911865234375 
0.02735228277742862701416015625 -0.00206668791361153125762939453125 -0.091911457479000091552734375 0.132219135761260986328125 0.101024307310581207275390625 
-0.0443365573883056640625 -0.1277572810649871826171875 -0.0959796905517578125 0.17480830848217010498046875 0.124957628548145294189453125 
-0.088560424745082855224609375 -0.0535697601735591888427734375 0.0048123919405043125152587890625 0.13369213044643402099609375 0.064714021980762481689453125 


0.010152585804462432861328125 0.01132309436798095703125 0.0431853644549846649169921875 -0.0297019295394420623779296875 -0.007099403999745845794677734375 
-0.02163461782038211822509765625 -0.058975137770175933837890625 -0.01909831352531909942626953125 -0.0515744276344776153564453125 -0.02455872483551502227783203125 
0.072716973721981048583984375 0.02650417201220989227294921875 0.0168553553521633148193359375 0.0408875830471515655517578125 0.07784140110015869140625 
0.06185983121395111083984375 0.042354814708232879638671875 0.02060102112591266632080078125 0.057136058807373046875 0.0749593079090118408203125 
-0.0337480492889881134033203125 0.0333207212388515472412109375 -0.04366417229175567626953125 -0.069281138479709625244140625 -0.0405337028205394744873046875 

0.04095685482025146484375 -0.0233045928180217742919921875 0.091392554342746734619140625 0.01642790623009204864501953125 0.000617200159467756748199462890625 
0.06951534748077392578125 0.0048365481197834014892578125 0.0509937144815921783447265625 0.01842623762786388397216796875 -0.01466113887727260589599609375 
-0.02037842571735382080078125 -0.084201104938983917236328125 -0.096400059759616851806640625 -0.069618754088878631591796875 0.02750598080456256866455078125 
0.051408044993877410888671875 0.0221982114017009735107421875 -0.0240812040865421295166015625 -0.00116521737072616815567016601562 0.0379792153835296630859375 
0.0291213877499103546142578125 0.0394018255174160003662109375 0.124216355383396148681640625 0.02925915457308292388916015625 -0.01296728290617465972900390625 

-0.071006856858730316162109375 -0.07110281288623809814453125 -0.110880173742771148681640625 0.015314041636884212493896484375 -0.05802105367183685302734375 
0.0381840951740741729736328125 0.003640939481556415557861328125 -0.0665073394775390625 0.00115170888602733612060546875 -0.07189284265041351318359375 
0.15432603657245635986328125 0.17563213407993316650390625 0.23368354141712188720703125 0.2716264426708221435546875 0.15558360517024993896484375 
-0.0502381585538387298583984375 -0.08284823596477508544921875 -0.0436954386532306671142578125 0.061811506748199462890625 0.07188977301120758056640625 
-0.09564776718616485595703125 -0.096929945051670074462890625 -0.119886241853237152099609375 -0.17978189885616302490234375 -0.111289195716381072998046875 

-0.16422991454601287841796875 -0.1973522603511810302734375 -0.185214519500732421875 -0.138642132282257080078125 -0.114103965461254119873046875 
-0.127063691616058349609375 -0.1438915431499481201171875 -0.15335190296173095703125 -0.104586668312549591064453125 -0.0710988342761993408203125 
0.01813546381890773773193359375 0.032034181058406829833984375 0.0367013998329639434814453125 0.0233748145401477813720703125 -0.04626475274562835693359375 
0.03691701591014862060546875 0.12505237758159637451171875 0.21059072017669677734375 0.18782304227352142333984375 0.096339881420135498046875 
-0.056437246501445770263671875 -0.0927579700946807861328125 0.02745687961578369140625 0.109593383967876434326171875 0.11345525085926055908203125 

0.082459829747676849365234375 -0.01303618215024471282958984375 0.075078986585140228271484375 0.0460612215101718902587890625 -0.014152862131595611572265625 
0.076444648206233978271484375 -0.020147733390331268310546875 0.06347076594829559326171875 0.02118094451725482940673828125 -0.0043938928283751010894775390625 
0.05901889503002166748046875 0.0320280492305755615234375 0.076626010239124298095703125 0.0430248193442821502685546875 -0.01253516040742397308349609375 
-0.02449382841587066650390625 -0.087206363677978515625 -0.11133821308612823486328125 -0.056721173226833343505859375 0.0227379314601421356201171875 
0.00351032637991011142730712890625 -0.01429623551666736602783203125 -0.136581897735595703125 -0.12118171155452728271484375 -0.0441569648683071136474609375 

-0.01917214132845401763916015625 -0.0468895994126796722412109375 0.0281784236431121826171875 -0.0479866601526737213134765625 -0.064642824232578277587890625 
-0.067293457686901092529296875 -0.0384394936263561248779296875 0.0502420328557491302490234375 -0.010922280140221118927001953125 -0.0247124694287776947021484375 
-0.0292637981474399566650390625 -0.01919229514896869659423828125 -0.05213002860546112060546875 -0.082893066108226776123046875 -0.016111008822917938232421875 
0.0613353662192821502685546875 0.0613822229206562042236328125 0.062244378030300140380859375 0.103529274463653564453125 0.066077060997486114501953125 
0.05284525454044342041015625 -0.016988702118396759033203125 -0.0480044372379779815673828125 -0.0478181801736354827880859375 0.032713465392589569091796875 


0.011922751553356647491455078125 -0.0393759906291961669921875 -0.1272394657135009765625 -0.106299348175525665283203125 -0.06145732104778289794921875 
0.011730725876986980438232421875 -0.077413208782672882080078125 -0.16263592243194580078125 0.00910724513232707977294921875 0.0398993380367755889892578125 
0.0494474954903125762939453125 -0.166923224925994873046875 -0.011277061887085437774658203125 0.120319820940494537353515625 0.0644710063934326171875 
0.0458359159529209136962890625 -0.06702737510204315185546875 0.0875017642974853515625 0.111752398312091827392578125 -0.0415173731744289398193359375 
-0.003225059248507022857666015625 0.0031236684881150722503662109375 0.105856530368328094482421875 -0.02682565711438655853271484375 -0.0165813304483890533447265625 

-0.076427638530731201171875 -0.080894447863101959228515625 -0.0358513258397579193115234375 -0.0441038794815540313720703125 -0.066542305052280426025390625 
-0.086021937429904937744140625 -0.052078820765018463134765625 -0.067671872675418853759765625 -0.0228762961924076080322265625 0.11041097342967987060546875 
0.0531413257122039794921875 0.02693983726203441619873046875 -0.085288845002651214599609375 0.0542956106364727020263671875 0.1183497011661529541015625 
0.12663783133029937744140625 -0.02090917341411113739013671875 -0.0379693992435932159423828125 0.0607524029910564422607421875 0.06600110232830047607421875 
0.0612347424030303955078125 -0.105729930102825164794921875 0.013716883026063442230224609375 0.0271977297961711883544921875 0.02013044990599155426025390625 

0.083504728972911834716796875 0.0534983612596988677978515625 -0.0440112464129924774169921875 -0.1262191832065582275390625 -0.10894261300563812255859375 
0.0043311216868460178375244140625 0.080956362187862396240234375 -0.02874741517007350921630859375 -0.0925801694393157958984375 -0.08257763087749481201171875 
-0.073714204132556915283203125 0.043704919517040252685546875 -0.05494682490825653076171875 -0.12889291346073150634765625 -0.06137205660343170166015625 
-0.089680887758731842041015625 -0.0366382896900177001953125 -0.1329108774662017822265625 -0.15089146792888641357421875 -0.017768703401088714599609375 
-0.071970574557781219482421875 -0.01698273234069347381591796875 -0.0552024543285369873046875 -0.0438474901020526885986328125 0.095992110669612884521484375 

-0.02085693180561065673828125 -0.012355660088360309600830078125 -0.0315863899886608123779296875 -0.0399128831923007965087890625 -0.0446066558361053466796875 
-0.011776919476687908172607421875 -0.02824429981410503387451171875 -0.0951603949069976806640625 -0.12827216088771820068359375 -0.075845010578632354736328125 
-0.10955333709716796875 -0.125420749187469482421875 -0.131605565547943115234375 -0.15865679085254669189453125 -0.14737878739833831787109375 
-0.15674592554569244384765625 -0.116734303534030914306640625 -0.1754409372806549072265625 -0.22366155683994293212890625 -0.121667899191379547119140625 
-0.15497167408466339111328125 -0.084218554198741912841796875 -0.083650656044483184814453125 -0.0447460226714611053466796875 0.0498600937426090240478515625 

0.100644282996654510498046875 0.0286660976707935333251953125 -0.03616513311862945556640625 -0.0387130565941333770751953125 0.004341267980635166168212890625 
0.086521930992603302001953125 0.07868044078350067138671875 -0.0379562079906463623046875 -0.057298935949802398681640625 0.02349902503192424774169921875 
0.10891385376453399658203125 0.079234421253204345703125 -0.05929626524448394775390625 -0.010743506252765655517578125 0.02406810037791728973388671875 
0.12222683429718017578125 0.071348987519741058349609375 -0.06271623075008392333984375 0.034143410623073577880859375 0.06338243186473846435546875 
0.11944782733917236328125 -0.0070450757630169391632080078125 0.01750691793859004974365234375 0.103509090840816497802734375 0.06766368448734283447265625 

-0.0027846698649227619171142578125 -0.07402683794498443603515625 -0.068005256354808807373046875 -0.0302856750786304473876953125 0.0061994283460080623626708984375 
0.042291797697544097900390625 -0.0589515604078769683837890625 -0.097475349903106689453125 -0.0068685538135468959808349609375 0.02159081213176250457763671875 
0.0523034669458866119384765625 -0.123740673065185546875 -0.041352115571498870849609375 0.087326638400554656982421875 0.062106795608997344970703125 
0.0415488742291927337646484375 -0.098189376294612884521484375 0.06768830120563507080078125 0.108910672366619110107421875 0.019323401153087615966796875 
-0.02384130656719207763671875 -0.01798041164875030517578125 0.081120483577251434326171875 0.0523675382137298583984375 0.0365902669727802276611328125 


-0.0606831200420856475830078125 0.008611944504082202911376953125 -0.0476767979562282562255859375 -0.091531239449977874755859375 -0.13184918463230133056640625 
-0.100103087723255157470703125 0.091297946870326995849609375 0.00195335340686142444610595703125 -0.08197037875652313232421875 -0.07853151857852935791015625 
-0.0845178067684173583984375 0.061398468911647796630859375 -0.011643120087683200836181640625 -0.077677570283412933349609375 -0.0562804676592350006103515625 
-0.0500558912754058837890625 -0.0193931795656681060791015625 -0.0331348963081836700439453125 -0.075008451938629150390625 -0.0058943754993379116058349609375 
0.020177729427814483642578125 -0.080032311379909515380859375 -0.03629328310489654541015625 0.00119434751104563474655151367188 0.041817486286163330078125 

0.05576802790164947509765625 -0.0379300154745578765869140625 0.02065782248973846435546875 0.09624259173870086669921875 0.093462921679019927978515625 
-0.08118455111980438232421875 -0.01168987341225147247314453125 0.0575552918016910552978515625 0.02678822167217731475830078125 -0.04513354599475860595703125 
-0.1364576518535614013671875 -0.0200890488922595977783203125 -0.0063879187218844890594482421875 -0.0437338314950466156005859375 -0.048090569674968719482421875 
-0.11046564579010009765625 -0.0339123867452144622802734375 0.00138316804077476263046264648438 -0.013705122284591197967529296875 -0.097066231071949005126953125 
-0.0531241036951541900634765625 -0.044553764164447784423828125 -0.092301785945892333984375 -0.067181177437305450439453125 -0.0551551915705204010009765625 

-0.1767145097255706787109375 -0.134244024753570556640625 -0.065549910068511962890625 -0.07975685596466064453125 -0.107954196631908416748046875 
-0.27996766567230224609375 -0.15410591661930084228515625 0.013595146127045154571533203125 0.02016984857618808746337890625 -0.007588169537484645843505859375 
-0.24093909561634063720703125 -0.1725509166717529296875 0.080251865088939666748046875 0.0537215061485767364501953125 0.013744172640144824981689453125 
-0.102816522121429443359375 -0.09282721579074859619140625 0.0396143756806850433349609375 0.068155586719512939453125 0.00994881801307201385498046875 
-0.0075951279141008853912353515625 -0.01273042149841785430908203125 0.020379841327667236328125 0.088043212890625 0.01823595724999904632568359375 

0.03957712650299072265625 -0.0121568329632282257080078125 -0.02720863930881023406982421875 -0.00126078911125659942626953125 0.034491591155529022216796875 
-0.07009923458099365234375 -0.115259774029254913330078125 -0.0707291066646575927734375 -0.0304101295769214630126953125 -0.013348487205803394317626953125 
-0.1260222494602203369140625 -0.1297306120395660400390625 -0.09654946625232696533203125 -0.0591306053102016448974609375 -0.0480782277882099151611328125 
-0.12852966785430908203125 -0.03000421263277530670166015625 -0.01611101441085338592529296875 -0.010146713815629482269287109375 -0.050297968089580535888671875 
-0.1581587493419647216796875 -0.06312434375286102294921875 -0.0410686023533344268798828125 -0.069717653095722198486328125 -0.08173620700836181640625 

-0.14249981939792633056640625 -0.083377175033092498779296875 0.045542366802692413330078125 0.04846756160259246826171875 0.052208922803401947021484375 
-0.1392247974872589111328125 -0.01350296474993228912353515625 0.168989837169647216796875 0.053446955978870391845703125 -0.0053655183874070644378662109375 
-0.081552214920520782470703125 0.072037637233734130859375 0.18643392622470855712890625 -0.0044371895492076873779296875 -0.076052129268646240234375 
-0.0378346778452396392822265625 0.0820842087268829345703125 0.13911096751689910888671875 0.02414753474295139312744140625 -0.0510829649865627288818359375 
0.00100294512230902910232543945312 0.02421883679926395416259765625 0.090000160038471221923828125 0.02208842895925045013427734375 -0.00960032083094120025634765625 

0.0359840355813503265380859375 0.0535689927637577056884765625 -0.008661636151373386383056640625 -0.0400567315518856048583984375 -0.0964146554470062255859375 
0.02787859551608562469482421875 0.2063862979412078857421875 0.04729653894901275634765625 -0.104960463941097259521484375 -0.13699124753475189208984375 
0.02629525028169155120849609375 0.22653321921825408935546875 0.02418242208659648895263671875 -0.114989288151264190673828125 -0.09788803756237030029296875 
0.036335907876491546630859375 0.166788578033447265625 0.0574578233063220977783203125 -0.1378490924835205078125 -0.0578446947038173675537109375 
-0.000999595155008137226104736328125 0.0438562445342540740966796875 -0.008885557763278484344482421875 -0.061181724071502685546875 -0.000689003092702478170394897460938 



-0.0357429794967174530029296875
0.03449718654155731201171875
0.015765257179737091064453125
-0.0272004902362823486328125
-0.015385358594357967376708984375
-0.00751540623605251312255859375
-0.0433509238064289093017578125
-0.008956505917012691497802734375
-0.0051796366460621356964111328125
-0.16542764008045196533203125
-0.09269596636295318603515625
-0.118261612951755523681640625
-0.072783775627613067626953125
-0.2766498625278472900390625
-0.0643899142742156982421875
-0.10812012851238250732421875
