0.12109375 0.16015625 0.02734375 0.02734375 0.171875 
0.3125 0.453125 0.51953125 0.44921875 0.38671875 
0.0546875 0.09765625 0.16796875 0.21875 0.07421875 
-0.3828125 -0.34765625 -0.296875 -0.40625 -0.234375 
-0.3828125 -0.51953125 -0.5625 -0.375 -0.0234375 


0 -0.0390625 -0.1953125 -0.62890625 -0.5 
0.05859375 0.421875 0.3203125 -0.20703125 -0.40625 
0.0390625 0.46484375 1.1171875 0.734375 -0.08984375 
-0.34765625 -0.171875 0.2265625 0.45703125 0.0234375 
-0.40625 -0.5 -0.2890625 0.20703125 0.109375 


-0.015625 -0.00390625 0.046875 -0.21484375 -0.40234375 
0.02734375 0.1015625 -0.06640625 -0.421875 -0.59765625 
-0.0546875 0.1015625 0.03125 -0.046875 0.04296875 
0 0.171875 0.41796875 0.6015625 0.46484375 
0.1328125 0.14453125 0.01953125 0.078125 0.10546875 


-0.21875 -0.01171875 0.12890625 0.1328125 -0.015625 
-0.1015625 0.171875 0.12890625 0.31640625 0.16796875 
-0.0625 -0.08203125 0.54296875 0.48828125 -0.17578125 
0.125 0.16015625 0.46484375 0.10546875 -0.0703125 
-0.05078125 0.30078125 0.1875 0.1171875 -0.0390625 


0.1796875 0.0859375 -0.03125 -0.125 -0.00390625 
-0.09375 -0.26171875 -0.3203125 -0.13671875 0.12890625 
-0.32421875 -0.37890625 -0.203125 0.23828125 0.23046875 
-0.2109375 -0.01171875 0.29296875 0.453125 0.0546875 
0.265625 0.37890625 0.31640625 -0.08203125 -0.12109375 


-0.015625 0.00390625 0 -0.0078125 0.03515625 
-0.04296875 -0.02734375 -0.078125 -0.05859375 -0.10546875 
0.0625 -0.015625 0.0234375 -0.01953125 -0.0390625 
0.06640625 0.0859375 0.11328125 0.13671875 0.0625 
0.00390625 -0.0625 -0.06640625 0 -0.00390625 



-0.02734375
-0.2890625
-0.00390625
-0.00390625
-0.03125
-0.03515625
