0.026999019086360931396484375
-0.273099958896636962890625
-0.0250229276716709136962890625
-0.02175751142203807830810546875
-0.006276763044297695159912109375
-0.02908840589225292205810546875
0.0527094118297100067138671875
-0.014668442308902740478515625
0.054783344268798828125
-0.380861222743988037109375
0.3191150724887847900390625
0.027049370110034942626953125
0.0058849188499152660369873046875
0.0080003477632999420166015625
0.0061834193766117095947265625
-0.0048324200324714183807373046875
-0.062669657170772552490234375
0.00833184085786342620849609375
-0.02015988528728485107421875
-0.00756179727613925933837890625
0.0106063187122344970703125
0.0284304134547710418701171875
0.2795517444610595703125
-0.35742151737213134765625
-0.00304199941456317901611328125
0.3491458594799041748046875
0.001715145073831081390380859375
0.0605156011879444122314453125
-0.0115485675632953643798828125
0.012588498182594776153564453125
-0.0091115646064281463623046875
0.00318514369428157806396484375
0.0256273746490478515625
-0.02423644997179508209228515625
-0.020202063024044036865234375
-0.012951222248375415802001953125
0.005230146460235118865966796875
0.004271960817277431488037109375
-0.0293350033462047576904296875
-0.007544185034930706024169921875
0.01928965188562870025634765625
0.0023439195938408374786376953125
0.00630910880863666534423828125
-0.010776651091873645782470703125
0.0019883550703525543212890625
-0.013006062246859073638916015625
-0.0505958460271358489990234375
0.0098037458956241607666015625
0.0160334296524524688720703125
-0.01163448207080364227294921875
-0.00339817604981362819671630859375
-0.000655207259114831686019897460938
-0.034115612506866455078125
-0.284570991992950439453125
0.38601720333099365234375
-0.086106002330780029296875
-0.0201910398900508880615234375
-0.014338365755975246429443359375
-0.0197624899446964263916015625
-0.0074094268493354320526123046875
-0.089610755443572998046875
-0.006971658207476139068603515625
0.02678021229803562164306640625
-0.029090464115142822265625
-1.07850682735443115234375
0.0431350767612457275390625
0.008611698634922504425048828125
0.0577482543885707855224609375
-0.25130748748779296875
0.02645160816609859466552734375
-0.009794808924198150634765625
-0.3018934428691864013671875
-0.0039757140912115573883056640625
-0.0453660674393177032470703125
0.01575460471212863922119140625
-0.2189348638057708740234375
-0.01174372993409633636474609375
0.01185584627091884613037109375
0.034608252346515655517578125
0.22316129505634307861328125
-0.0381233058869838714599609375
-0.3008788526058197021484375
-0.012999330647289752960205078125
-0.0406702272593975067138671875
0.0256264917552471160888671875
-0.0161341726779937744140625
-0.02708104439079761505126953125
0.060185797512531280517578125
0.1285821497440338134765625
-0.010562011040747165679931640625
0.02061994187533855438232421875
0.02960062958300113677978515625
-0.00135332823265343904495239257812
0.01560847461223602294921875
0.0477146096527576446533203125
0.284146845340728759765625
-0.00253801583312451839447021484375
0.3381794393062591552734375
0.00346134812571108341217041015625
-0.066818751394748687744140625
-0.1768608987331390380859375
-0.02562947385013103485107421875
-0.000440241594333201646804809570312
-0.0428090505301952362060546875
0.013220875523984432220458984375
0.0500595532357692718505859375
0.0172138698399066925048828125
-0.02112636901438236236572265625
0.004305875860154628753662109375
0.00254120654426515102386474609375
-0.00358609645627439022064208984375
-0.2855503261089324951171875
-0.0063918554224073886871337890625
0.08131308853626251220703125
-0.00167227874044328927993774414062
0.027951739728450775146484375
-0.0043359021656215190887451171875
0.11704050004482269287109375
-0.15007252991199493408203125
0.083989508450031280517578125
-0.0400473885238170623779296875
-0.0224182568490505218505859375
0.1874283254146575927734375
-0.01120482943952083587646484375
0.00878023914992809295654296875
0.014634517021477222442626953125
-0.02492741309106349945068359375
0.015420227311551570892333984375
0.05877749621868133544921875
-0.4603540003299713134765625
0.0024437834508717060089111328125
-0.30145490169525146484375
0.01371607743203639984130859375
0.02071435935795307159423828125
0.005008104257285594940185546875
-0.00138394383247941732406616210938
-0.00418667308986186981201171875
0.000314105214783921837806701660156
-0.02667053230106830596923828125
-0.03203213214874267578125
0.011454698629677295684814453125
0.311330616474151611328125
-0.0083565153181552886962890625
-0.02420280873775482177734375
0.4243099689483642578125
0.00359756429679691791534423828125
0.023462750017642974853515625
0.02391235344111919403076171875
-0.00777037441730499267578125
0.00545762665569782257080078125
0.002793074585497379302978515625
0.076633311808109283447265625
0.00339451129548251628875732421875
0.02711581252515316009521484375
-0.00943596661090850830078125
-0.014618881978094577789306640625
0.0042542158626019954681396484375
0.033572204411029815673828125
0.0076857763342559337615966796875
0.04477523267269134521484375
0.0787651240825653076171875
0.012448326684534549713134765625
-0.50512850284576416015625
0.369340419769287109375
-0.097170986235141754150390625
0.02243439294397830963134765625
0.018823988735675811767578125
0.00328709767200052738189697265625
0.02402292378246784210205078125
0.00432902388274669647216796875
-0.02550729550421237945556640625
-0.000972990819718688726425170898438
0.021631263196468353271484375
-0.0068505476228892803192138671875
0.0039044586010277271270751953125
-0.021960757672786712646484375
0.0515005625784397125244140625
-0.00781485252082347869873046875
-0.0304549373686313629150390625
0.0007947436533868312835693359375
0.00228044739924371242523193359375
0.02415399253368377685546875
-0.004888050258159637451171875
-0.0118925385177135467529296875
0.02542304433882236480712890625
0.49460351467132568359375
-0.02286474592983722686767578125
0.017646990716457366943359375
0.02526735328137874603271484375
-0.02244687266647815704345703125
0.02245028875768184661865234375
-0.000503407034557312726974487304688
-0.007575099356472492218017578125
-0.004277228377759456634521484375
-0.6849830150604248046875
-0.01495029218494892120361328125
-0.289100587368011474609375
-0.011031635105609893798828125
-0.52791321277618408203125
0.008058433420956134796142578125
0.01167292892932891845703125
0.0183761976659297943115234375
0.013936646282672882080078125
-0.022217951714992523193359375
-0.041379906237125396728515625
0.0222955904901027679443359375
-0.0255767516791820526123046875
0.01211310923099517822265625
0.0290610492229461669921875
0.02599736489355564117431640625
-0.021683581173419952392578125
-0.0132245123386383056640625
-0.0026380601339042186737060546875
0.01992876268923282623291015625
0.0258378572762012481689453125
0.010264459066092967987060546875
-0.058547161519527435302734375
-0.00906510092318058013916015625
-0.367549479007720947265625
0.352903187274932861328125
0.0449277497828006744384765625
0.005706899799406528472900390625
-0.0507875420153141021728515625
-0.01863797008991241455078125
0.009310682304203510284423828125
-0.014449051581323146820068359375
-0.0057054921053349971771240234375
0.207796514034271240234375
-0.0073438696563243865966796875
0.0216954313218593597412109375
-0.00106147513724863529205322265625
-0.0002339440397918224334716796875
-0.0041535436175763607025146484375
-0.01001836359500885009765625
-0.0046919942833483219146728515625
0.321462452411651611328125
-0.0053382813930511474609375
-0.0015092105604708194732666015625
-0.0110946558415889739990234375
-0.02678611688315868377685546875
0.0328286774456501007080078125
0.002899372018873691558837890625
-0.00200906745158135890960693359375
0.02218301780521869659423828125
0.0247320197522640228271484375
0.028416611254215240478515625
-0.02919103018939495086669921875
-0.511656463146209716796875
0.015652395784854888916015625
-0.084666453301906585693359375
0.02640149183571338653564453125
0.01379812322556972503662109375
-0.013231779448688030242919921875
0.009618853218853473663330078125
0.0200149379670619964599609375
-0.01992518641054630279541015625
-0.00279403687454760074615478515625
-0.01694239675998687744140625
-0.00870863161981105804443359375
-0.968693256378173828125
0.02031438983976840972900390625
-0.012386285699903964996337890625
-0.034583322703838348388671875
-0.009100985713303089141845703125
-0.0048754238523542881011962890625
-0.00627189315855503082275390625
-0.02678742818534374237060546875
0.449954509735107421875
-0.019210807979106903076171875
-0.105702586472034454345703125
0.014318889938294887542724609375
0.21343795955181121826171875
-0.00171000126283615827560424804688
0.0073396079242229461669921875
-0.0165728628635406494140625
0.0074138133786618709564208984375
-0.0190730728209018707275390625
0.009774695150554180145263671875
0.00157007598318159580230712890625
-0.03026006557047367095947265625
-0.013775846920907497406005859375
-0.0068171373568475246429443359375
0.17365448176860809326171875
-0.08799289166927337646484375
-0.00942270271480083465576171875
0.1169528961181640625
-0.004441074095666408538818359375
-0.2785851061344146728515625
-0.0287523679435253143310546875
-0.0304928235709667205810546875
-0.23594106733798980712890625
-0.0082084871828556060791015625
0.013143007643520832061767578125
0.02272157557308673858642578125
0.14308427274227142333984375
-0.033444143831729888916015625
0.00182385579682886600494384765625
-0.0027914964593946933746337890625
-0.00938123650848865509033203125
-0.013993061147630214691162109375
0.00379484449513256549835205078125
0.010814393870532512664794921875
0.0176945962011814117431640625
0.0055668004788458347320556640625
-0.00939383171498775482177734375
-0.01602756790816783905029296875
-0.000184193268069066107273101806641
0.01708434335887432098388671875
0.53198778629302978515625
-0.0319155193865299224853515625
-0.02089452557265758514404296875
0.015343169681727886199951171875
0.10119380056858062744140625
-0.1567708551883697509765625
-0.0244160555303096771240234375
0.004382516257464885711669921875
-0.0035063126124441623687744140625
-0.036148227751255035400390625
0.00252386997453868389129638671875
0.020131297409534454345703125
-0.06815500557422637939453125
0.00399886257946491241455078125
-0.0077725560404360294342041015625
0.02899893559515476226806640625
-1.06348145008087158203125
0.010362415574491024017333984375
-0.3674148023128509521484375
-0.069974862039089202880859375
0.537273824214935302734375
0.005101217888295650482177734375
0.01675511896610260009765625
0.0216235816478729248046875
-0.014821215532720088958740234375
-0.20463909208774566650390625
0.02326174080371856689453125
-0.014949887059628963470458984375
0.0306176245212554931640625
0.026540257036685943603515625
0.001117791049182415008544921875
-0.01745083741843700408935546875
0.00144910241942852735519409179688
0.02390121109783649444580078125
0.00806496478617191314697265625
-0.00704942457377910614013671875
-0.03119332529604434967041015625
-0.0112539343535900115966796875
-0.03078374452888965606689453125
-0.01823742873966693878173828125
0.04706875979900360107421875
0.0316422879695892333984375
-0.4715773165225982666015625
0.02761227451264858245849609375
-0.084961272776126861572265625
-0.009350213222205638885498046875
-0.012458342127501964569091796875
0.00681148655712604522705078125
0.014771093614399433135986328125
-0.01809728704392910003662109375
-0.06971471011638641357421875
0.00190773536451160907745361328125
-0.023421697318553924560546875
0.0041659809648990631103515625
-0.008887664414942264556884765625
0.00137569883372634649276733398438
-0.0039017652161419391632080078125
0.0307539291679859161376953125
-0.0032297405414283275604248046875
-0.00703448988497257232666015625
-0.01092533208429813385009765625
-0.005073553882539272308349609375
0.00732647813856601715087890625
0.00899743102490901947021484375
-0.0072674541734158992767333984375
-0.0159825421869754791259765625
-0.004887692630290985107421875
0.0073442501015961170196533203125
0.00223680981434881687164306640625
0.00926210172474384307861328125
0.01804226823151111602783203125
0.0205916576087474822998046875
0.00938369333744049072265625
-0.04526381194591522216796875
0.0556534864008426666259765625
0.0155350454151630401611328125
-0.008743741549551486968994140625
-0.02950528077781200408935546875
0.005829027853906154632568359375
-0.000158258568262681365013122558594
-0.0136824361979961395263671875
-0.4920562803745269775390625
-0.00905774347484111785888671875
0.088303029537200927734375
-0.010543796233832836151123046875
0.000627664732746779918670654296875
0.01202039979398250579833984375
0.0076338476501405239105224609375
-0.14213097095489501953125
0.024464808404445648193359375
-0.11010421812534332275390625
0.0244933478534221649169921875
0.2956379354000091552734375
0.02317778766155242919921875
0.00361828389577567577362060546875
0.000586093810852617025375366210938
-0.102781601250171661376953125
0.00346250273287296295166015625
0.000638158235233277082443237304688
0.000958465621806681156158447265625
0.0322235412895679473876953125
0.007799436338245868682861328125
-0.015222725458443164825439453125
0.2920582294464111328125
0.0050121420063078403472900390625
-0.048337049782276153564453125
0.031318210065364837646484375
0.2661205232143402099609375
0.01210906915366649627685546875
0.367336094379425048828125
-0.0065468489192426204681396484375
0.281605660915374755859375
-0.3458732664585113525390625
-0.0179064832627773284912109375
-0.0095433704555034637451171875
-0.3028493821620941162109375
0.0247785635292530059814453125
0.005750119686126708984375
-0.0179771818220615386962890625
0.00257039093412458896636962890625
-0.0052980096079409122467041015625
-0.036241017282009124755859375
0.02248623035848140716552734375
0.000178235102794133126735687255859
0.00274058640934526920318603515625
-0.03071614541113376617431640625
-0.00330618419684469699859619140625
0.008792624808847904205322265625
0.10935865342617034912109375
-0.004008703865110874176025390625
0.02666408382356166839599609375
-0.03085738234221935272216796875
0.0073049776256084442138671875
0.0177128575742244720458984375
-0.02459899522364139556884765625
-0.1561881005764007568359375
-0.20437602698802947998046875
-0.0068127326667308807373046875
-0.032216720283031463623046875
0.0247205793857574462890625
0.008500397205352783203125
0.01679910905659198760986328125
-0.0064638876356184482574462890625
-0.009937790222465991973876953125
0.0181552879512310028076171875
0.1325697004795074462890625
-1.074381351470947265625
0.006484858691692352294921875
0.39217722415924072265625
0.1703127324581146240234375
-0.006191271357238292694091796875
0.0120265968143939971923828125
0.00079971435479819774627685546875
-0.116718769073486328125
0.02115719206631183624267578125
0.0036883694119751453399658203125
0.087736718356609344482421875
0.01632938720285892486572265625
-0.068697594106197357177734375
0.0075053772889077663421630859375
-0.014887447468936443328857421875
0.01943049766123294830322265625
-0.010203688405454158782958984375
-0.0406486280262470245361328125
-0.0170800387859344482421875
-0.00492351315915584564208984375
-0.0068006552755832672119140625
-0.01403367519378662109375
0.0612855516374111175537109375
-0.017164833843708038330078125
0.022384800016880035400390625
0.2037622630596160888671875
-0.019836626946926116943359375
-0.0080352015793323516845703125
-0.008944633416831493377685546875
0.015824414789676666259765625
-0.23812533915042877197265625
0.01692791283130645751953125
0.01488331519067287445068359375
0.0060079954564571380615234375
0.04194320738315582275390625
-0.09906239807605743408203125
-0.3861467838287353515625
-0.00206345133483409881591796875
-0.037444718182086944580078125
-0.000914261268917471170425415039062
0.01677235774695873260498046875
-0.01089898683130741119384765625
0.022320114076137542724609375
-0.0052079609595239162445068359375
-0.00152362266089767217636108398438
-0.020154602825641632080078125
0.00151146599091589450836181640625
0.2937420308589935302734375
0.0163553617894649505615234375
-0.0307217575609683990478515625
0.00445529632270336151123046875
-0.00132627657148987054824829101562
0.010115561075508594512939453125
0.010369344614446163177490234375
-0.011520209722220897674560546875
-0.01718613691627979278564453125
0.02652241475880146026611328125
0.005142278037965297698974609375
0.01574943400919437408447265625
-0.0195687897503376007080078125
0.00185070105362683534622192382812
-0.3006079196929931640625
0.011511365883052349090576171875
-0.02697227895259857177734375
-0.31467425823211669921875
-0.2152283191680908203125
0.067842818796634674072265625
-0.32750713825225830078125
0.036294460296630859375
0.00476785562932491302490234375
0.022496618330478668212890625
-0.01096099056303501129150390625
0.00102252548094838857650756835938
-0.00863157398998737335205078125
-0.065365023910999298095703125
0.007941539399325847625732421875
-0.133598804473876953125
-0.0221402905881404876708984375
0.03432030975818634033203125
-0.036508381366729736328125
-0.0206346213817596435546875
-0.012359458021819591522216796875
0.3941542208194732666015625
0.009634462185204029083251953125
0.02217657305300235748291015625
-0.0165612399578094482421875
-0.03085791505873203277587890625
0.496096312999725341796875
0.010133720934391021728515625
-0.2471375763416290283203125
-0.0014972197823226451873779296875
0.008076368831098079681396484375
-0.013921339996159076690673828125
0.11777536571025848388671875
-0.0536767058074474334716796875
0.00205483962781727313995361328125
-0.01996214129030704498291015625
-0.003798914141952991485595703125
0.02299537695944309234619140625
-0.3695404529571533203125
-0.068737201392650604248046875
-0.02136326394975185394287109375
0.02936538495123386383056640625
-0.02008588053286075592041015625
-0.0026462594978511333465576171875
-0.0028060614131391048431396484375
0.01672030426561832427978515625
0.0076412237249314785003662109375
0.007663159631192684173583984375
0.00208438816480338573455810546875
-0.00854665972292423248291015625
-0.0188800282776355743408203125
-0.01513909362256526947021484375
0.008346617221832275390625
-0.034409888088703155517578125
0.0036349012516438961029052734375
-0.000813009333796799182891845703125
0.0182990841567516326904296875
0.23139286041259765625
-0.047971300780773162841796875
-0.0370464622974395751953125
0.02898223884403705596923828125
-0.0059864954091608524322509765625
-0.57220304012298583984375
0.00359540176577866077423095703125
0.01000542752444744110107421875
-0.0468714274466037750244140625
0.009807686321437358856201171875
0.0190878920257091522216796875
-0.0383799374103546142578125
-1.72869396209716796875
0.009614809416234493255615234375
0.14527095854282379150390625
-0.184685766696929931640625
-0.011626176536083221435546875
0.01916921325027942657470703125
-0.01618218980729579925537109375
0.3485350310802459716796875
-0.501191914081573486328125
-0.0227336883544921875
-0.2534157931804656982421875
0.01983984373509883880615234375
0.3133784234523773193359375
0.003499603830277919769287109375
0.00346605456434190273284912109375
0.00361389783211052417755126953125
-0.00085237692110240459442138671875
0.01314619742333889007568359375
0.014835245907306671142578125
0.01001283340156078338623046875
0.02769061364233493804931640625
-0.0118717141449451446533203125
-0.13693247735500335693359375
0.0375401973724365234375
-0.08985565602779388427734375
-0.041186861693859100341796875
-0.0456866212189197540283203125
-0.0154861919581890106201171875
-0.00395120680332183837890625
-0.018889583647251129150390625
0.24351526796817779541015625
-0.0057529159821569919586181640625
-0.022697277367115020751953125
0.002452681772410869598388671875
-0.000578467384912073612213134765625
0.50434148311614990234375
-0.0496357791125774383544921875
0.00255037914030253887176513671875
-0.011635473929345607757568359375
0.015559903346002101898193359375
-0.0087843351066112518310546875
0.03071185015141963958740234375
0.000994303612969815731048583984375
-0.006706905551254749298095703125
0.0052815419621765613555908203125
0.0020016743801534175872802734375
-0.011754306964576244354248046875
0.1888763010501861572265625
-0.01232149638235569000244140625
-0.007936974056065082550048828125
-0.015218301676213741302490234375
0.0180944837629795074462890625
0.00343242636881768703460693359375
0.3539509475231170654296875
-0.079929508268833160400390625
0.014394938945770263671875
0.04416914284229278564453125
0.00548684038221836090087890625
-0.02227742969989776611328125
0.003634179942309856414794921875
0.0188053287565708160400390625
-0.062878973782062530517578125
-0.01315766759216785430908203125
0.009995684958994388580322265625
0.3263851702213287353515625
-1.21660029888153076171875
