-0.110679090023040771484375
0.051910616457462310791015625
0.003234139643609523773193359375
0.01250598765909671783447265625
0.09485901892185211181640625
-0.2605002224445343017578125
0.109871484339237213134765625
-0.19923590123653411865234375
-0.1227169930934906005859375
-0.091810666024684906005859375
-0.00392906181514263153076171875
0.0365616045892238616943359375
0.0336012579500675201416015625
-0.397324264049530029296875
-0.3067287504673004150390625
-0.126146733760833740234375
0.0613574273884296417236328125
-0.101679898798465728759765625
-0.15986000001430511474609375
0.0229724086821079254150390625
-0.025604806840419769287109375
0.066115297377109527587890625
0.11541979014873504638671875
0.0473947413265705108642578125
0.063376493752002716064453125
-0.02136926166713237762451171875
0.000453661632491275668144226074219
-0.2341326773166656494140625
-0.1257343590259552001953125
-0.13151918351650238037109375
-0.2785262763500213623046875
-0.03464569151401519775390625
0.07714642584323883056640625
0.054367087781429290771484375
0.0369065366685390472412109375
0.077810727059841156005859375
-0.147692024707794189453125
-0.097394607961177825927734375
-0.1686814725399017333984375
0.081907190382480621337890625
-0.004386586137115955352783203125
0.016746439039707183837890625
-0.05662299692630767822265625
0.309426128864288330078125
-0.206263482570648193359375
-0.0422916524112224578857421875
-0.4553906917572021484375
-0.0007613371126353740692138671875
0.1015854775905609130859375
-0.18441914021968841552734375
0.0208569206297397613525390625
-0.009058150462806224822998046875
-0.19604408740997314453125
-0.090338639914989471435546875
-0.0049296054057776927947998046875
0.0267094857990741729736328125
0.08143888413906097412109375
-0.32669293880462646484375
-0.09631274640560150146484375
0.009775393642485141754150390625
0.03345145285129547119140625
0.14344765245914459228515625
-0.4106492698192596435546875
-0.074947297573089599609375
0.066277347505092620849609375
-0.103664733469486236572265625
-0.3220756351947784423828125
0.05207157135009765625
-0.011386501602828502655029296875
-0.031132854521274566650390625
-0.0511729605495929718017578125
0.034637980163097381591796875
0.0489701665937900543212890625
0.0466658212244510650634765625
0.07069091498851776123046875
0.012359508313238620758056640625
0.00827371142804622650146484375
-0.0055360156111419200897216796875
-0.0946508944034576416015625
-0.22034411132335662841796875
-0.073987133800983428955078125
-0.24554489552974700927734375
-0.02455290965735912322998046875
-0.086853049695491790771484375
0.598672688007354736328125
-0.0102503001689910888671875
0.0504124648869037628173828125
0.0403856597840785980224609375
-0.563090801239013671875
0.0505945719778537750244140625
-0.135494053363800048828125
-0.1854991912841796875
-0.10299484431743621826171875
-0.006854116916656494140625
0.09494303166866302490234375
0.0721217095851898193359375
0.1385843753814697265625
-0.156328737735748291015625
0.1266516149044036865234375
-0.0271150767803192138671875
0.197968184947967529296875
-0.076383166015148162841796875
-0.06345947086811065673828125
0.22037382423877716064453125
0.089224807918071746826171875
-0.17382894456386566162109375
-0.1404212415218353271484375
-0.2957943379878997802734375
0.19823874533176422119140625
-0.011172107420861721038818359375
-0.084683082997798919677734375
-0.15413200855255126953125
-0.3166930973529815673828125
-0.03097600676119327545166015625
0.02946148626506328582763671875
-0.0062298472039401531219482421875
-0.08856903016567230224609375
0.01806027255952358245849609375
0.02836781181395053863525390625
0.123088575899600982666015625
-0.23494625091552734375
-0.1578242778778076171875
-0.008161681704223155975341796875
-0.0483566112816333770751953125
-0.01079912669956684112548828125
0.20862106978893280029296875
0.2809806168079376220703125
-0.050776235759258270263671875
-0.082622013986110687255859375
-0.01003004424273967742919921875
0.004273794591426849365234375
-0.12637902796268463134765625
-0.14897011220455169677734375
0.123974569141864776611328125
-0.281936228275299072265625
-0.2085340917110443115234375
-0.10336335003376007080078125
-0.2093929946422576904296875
0.010512652806937694549560546875
-0.057242117822170257568359375
0.1318132579326629638671875
0.0391454361379146575927734375
-0.097801387310028076171875
-0.1415522098541259765625
-0.06385557353496551513671875
0.000651465787086635828018188476562
0.0667603313922882080078125
0.011220176704227924346923828125
-0.100713096559047698974609375
0.03046273253858089447021484375
-0.010818687267601490020751953125
0.0588312447071075439453125
-0.349672734737396240234375
0.010575690306723117828369140625
-0.07564885914325714111328125
-0.08102615177631378173828125
-0.3154358565807342529296875
0.0089053474366664886474609375
0.064592711627483367919921875
-0.22993473708629608154296875
0.16796715557575225830078125
-0.07883621752262115478515625
-0.170550167560577392578125
-0.09340654313564300537109375
0.066104047000408172607421875
0.01983345486223697662353515625
-0.3429435193538665771484375
-0.02461142838001251220703125
0.01346926949918270111083984375
0.529916226863861083984375
0.01899328269064426422119140625
-0.2844053804874420166015625
0.10556793212890625
0.0419565029442310333251953125
0.0623843967914581298828125
0.1382475793361663818359375
0.059150628745555877685546875
-0.24525670707225799560546875
-0.066236935555934906005859375
-0.066302277147769927978515625
-0.060116194188594818115234375
-0.19417695701122283935546875
-0.15611506998538970947265625
0.032098926603794097900390625
0.045040912926197052001953125
-0.32014358043670654296875
-0.214702188968658447265625
-0.02961022220551967620849609375
0.095378316938877105712890625
-0.0768527090549468994140625
0.003977739252150058746337890625
-0.1491816937923431396484375
-0.1916629374027252197265625
0.01814523153007030487060546875
-0.2682957947254180908203125
0.0289069153368473052978515625
0.04465694725513458251953125
-0.058270402252674102783203125
-0.629538714885711669921875
-0.0781017839908599853515625
-0.0067730187438428401947021484375
-0.000670407258439809083938598632812
-0.116045475006103515625
0.094063706696033477783203125
0.0525421202182769775390625
0.17011834681034088134765625
0.0238985158503055572509765625
-0.0358103923499584197998046875
0.114711813628673553466796875
-0.020653150975704193115234375
0.07491536438465118408203125
0.0200046859681606292724609375
0.05601060390472412109375
-0.3880892693996429443359375
-0.308841168880462646484375
0.00123306433670222759246826171875
-0.14279203116893768310546875
0.062266342341899871826171875
-0.3803756237030029296875
0.010967285372316837310791015625
-0.24838317930698394775390625
-0.00387186347506940364837646484375
-0.0359899364411830902099609375
-0.172161102294921875
-0.1776423752307891845703125
0.0069148014299571514129638671875
0.119138903915882110595703125
-0.336071550846099853515625
0.0451411940157413482666015625
-0.022813975811004638671875
0.01978104747831821441650390625
-0.054229058325290679931640625
0.079380504786968231201171875
-0.15931038558483123779296875
0.08658309280872344970703125
0.06660698354244232177734375
0.06577025353908538818359375
-0.005727545358240604400634765625
-0.1912692487239837646484375
0.00362794171087443828582763671875
0.009318365715444087982177734375
0.0058811907656490802764892578125
-0.14414845407009124755859375
-0.15762214362621307373046875
-0.0330245383083820343017578125
-0.01690423674881458282470703125
-0.02578303031623363494873046875
-0.04007746279239654541015625
-0.296321094036102294921875
0.0060084383003413677215576171875
0.0066173975355923175811767578125
-0.00638424046337604522705078125
0.072861306369304656982421875
-0.5817468166351318359375
0.8007009029388427734375
-0.0346140526235103607177734375
-0.1812400519847869873046875
-0.083105273544788360595703125
-0.2912575304508209228515625
-0.1117667853832244873046875
-0.0270855128765106201171875
0.096818484365940093994140625
-0.14101080596446990966796875
-0.0480293333530426025390625
0.0489824675023555755615234375
-0.125004470348358154296875
-0.0221313349902629852294921875
0.102983899414539337158203125
0.0477117002010345458984375
-0.094497226178646087646484375
-0.136058807373046875
-0.14449341595172882080078125
-0.0351656042039394378662109375
0.0381566025316715240478515625
0.102733530104160308837890625
0.0092259347438812255859375
-0.0386374853551387786865234375
0.0278322398662567138671875
-0.3229102790355682373046875
-0.0199657417833805084228515625
-0.314872086048126220703125
0.07513473927974700927734375
0.096638597548007965087890625
0.008067525923252105712890625
-0.0308506302535533905029296875
0.02216619811952114105224609375
-0.014922973699867725372314453125
-0.08619777858257293701171875
-0.01966044865548610687255859375
-0.4521595537662506103515625
0.124845109879970550537109375
-0.405286848545074462890625
-0.0748713016510009765625
0.11266027390956878662109375
-0.27574574947357177734375
-0.146207630634307861328125
-0.0426565967500209808349609375
0.0407792963087558746337890625
-0.01740519888699054718017578125
-0.0004668361507356166839599609375
0.071956731379032135009765625
-0.3404604494571685791015625
0.02059029228985309600830078125
-0.2500139772891998291015625
0.014744647778570652008056640625
-0.00309214997105300426483154296875
-0.10002815723419189453125
-0.19673325121402740478515625
-0.2016367018222808837890625
-0.3367826938629150390625
-0.06903783977031707763671875
-0.0731826126575469970703125
-0.2555023133754730224609375
-0.2935143411159515380859375
-0.23908494412899017333984375
0.0562596805393695831298828125
-0.02979634143412113189697265625
0.12527315318584442138671875
-0.3130758702754974365234375
-0.0238576047122478485107421875
0.062947265803813934326171875
-0.039286546409130096435546875
0.008863068185746669769287109375
0.0718384683132171630859375
-0.0408778451383113861083984375
-0.003667198121547698974609375
0.12996812164783477783203125
0.12607584893703460693359375
-0.3253214359283447265625
0.0225528292357921600341796875
0.080031581223011016845703125
0.01244651712477207183837890625
-0.18207834661006927490234375
-0.1659582555294036865234375
0.0497105903923511505126953125
0.02173922024667263031005859375
-0.3499716222286224365234375
0.0330408997833728790283203125
0.0315251052379608154296875
0.745431363582611083984375
-0.12952579557895660400390625
0.1198340356349945068359375
0.0091873593628406524658203125
0.000650843896437436342239379882812
0.07688082754611968994140625
0.18684504926204681396484375
-0.067444242537021636962890625
0.05389998853206634521484375
0.071723759174346923828125
-0.0049542873166501522064208984375
0.1088706552982330322265625
-0.0056582875549793243408203125
0.0754924714565277099609375
-0.2287895977497100830078125
-0.3249879777431488037109375
0.0161801539361476898193359375
0.104593813419342041015625
-0.51491200923919677734375
-0.091555066406726837158203125
-0.02864310331642627716064453125
0.079094238579273223876953125
0.058962933719158172607421875
-0.122664786875247955322265625
0.08124487102031707763671875
-0.0617052502930164337158203125
-0.102558948099613189697265625
-0.058634467422962188720703125
-0.0279081054031848907470703125
-0.0048227496445178985595703125
0.000104447783087380230426788330078
-0.473932743072509765625
0.05232398211956024169921875
0.0371064953505992889404296875
-0.0577535144984722137451171875
-0.012042610906064510345458984375
-0.0043523521162569522857666015625
-0.256148517131805419921875
-0.01064161024987697601318359375
-0.145224988460540771484375
0.0382377095520496368408203125
-0.1536888182163238525390625
-0.012406588532030582427978515625
0.063081957399845123291015625
0.0785457789897918701171875
0.005586140789091587066650390625
0.035551674664020538330078125
-0.13657177984714508056640625
-0.090733058750629425048828125
-0.3067221343517303466796875
0.0409049689769744873046875
-0.33411395549774169921875
-0.15020541846752166748046875
0.02223986200988292694091796875
-0.122685082256793975830078125
0.02750013209879398345947265625
-0.10479615628719329833984375
0.113813452422618865966796875
0.0471038632094860076904296875
0.058646500110626220703125
-0.2635340392589569091796875
0.011775319464504718780517578125
0.116786189377307891845703125
0.0032957349903881549835205078125
-0.16650857031345367431640625
-0.0480619110167026519775390625
-0.09271074831485748291015625
0.14173431694507598876953125
-0.008758914656937122344970703125
-0.0833054482936859130859375
-0.03958870470523834228515625
0.042925707995891571044921875
-0.183913171291351318359375
0.1253178417682647705078125
0.099730558693408966064453125
0.02924535982310771942138671875
0.01818247698247432708740234375
-0.594787657260894775390625
-0.231948673725128173828125
0.0075454968027770519256591796875
-0.08584706485271453857421875
0.086343728005886077880859375
0.0329194404184818267822265625
-0.2794708311557769775390625
-0.100916184484958648681640625
0.5670063495635986328125
0.069340564310550689697265625
-0.02389745414257049560546875
0.18138675391674041748046875
-0.278276920318603515625
0.047305144369602203369140625
0.09231998026371002197265625
-0.306316912174224853515625
-0.2799323499202728271484375
-0.0331370942294597625732421875
0.015144042670726776123046875
-0.109981887042522430419921875
0.011676068417727947235107421875
0.0337830819189548492431640625
-0.03170104324817657470703125
-0.100150533020496368408203125
-0.3237008154392242431640625
0.033939324319362640380859375
-0.032975755631923675537109375
-0.048931024968624114990234375
-0.096749551594257354736328125
0.0357418060302734375
0.0378203503787517547607421875
0.094404064118862152099609375
-0.17732013761997222900390625
-0.555007457733154296875
-0.4032060205936431884765625
0.060028731822967529296875
-0.01577224396169185638427734375
0.066943518817424774169921875
-0.17851103842258453369140625
-0.0328674800693988800048828125
0.113970823585987091064453125
-0.009573991410434246063232421875
0.0555359907448291778564453125
0.0417453683912754058837890625
0.030064873397350311279296875
0.01776094920933246612548828125
0.0437075980007648468017578125
-0.090007998049259185791015625
-0.0250162295997142791748046875
-0.15987966954708099365234375
0.04943872988224029541015625
-0.211581647396087646484375
-0.12805451452732086181640625
0.038051240146160125732421875
0.0929586589336395263671875
0.0074712219648063182830810546875
0.0191159956157207489013671875
0.0592902787029743194580078125
-0.2501684129238128662109375
0.007428691722452640533447265625
-0.289453923702239990234375
0.0497674308717250823974609375
0.059050880372524261474609375
0.02070766128599643707275390625
-0.0433991439640522003173828125
-0.1936596333980560302734375
-0.30373036861419677734375
0.092992104589939117431640625
-0.0572332851588726043701171875
-0.086588345468044281005859375
-0.076539389789104461669921875
0.0310238115489482879638671875
-0.032396413385868072509765625
0.0354770980775356292724609375
0.0802257359027862548828125
-0.05286948382854461669921875
4.9492857215227559208869934082e-05
0.0385241098701953887939453125
-0.15065681934356689453125
0.0420293696224689483642578125
-0.139773428440093994140625
-0.120063789188861846923828125
0.01612108387053012847900390625
-0.102167822420597076416015625
0.03829137980937957763671875
-0.3292233943939208984375
0.031412310898303985595703125
0.011080668307840824127197265625
-0.2626090347766876220703125
-0.4501241743564605712890625
-0.2654187977313995361328125
0.087459944188594818115234375
-0.2701255381107330322265625
0.757788598537445068359375
-0.000294648722046986222267150878906
0.042434550821781158447265625
-0.2635968625545501708984375
0.057522304356098175048828125
0.02957875840365886688232421875
0.078879289329051971435546875
0.14950655400753021240234375
0.02807538025081157684326171875
-0.133510112762451171875
0.0458484925329685211181640625
-0.0342164449393749237060546875
0.056953258812427520751953125
0.0617916993796825408935546875
-0.061621122062206268310546875
-0.2195188105106353759765625
-0.472332000732421875
-0.3048048317432403564453125
-0.02793188393115997314453125
0.05105762183666229248046875
-0.0286476500332355499267578125
0.0351081527769565582275390625
-0.13444666564464569091796875
0.0224913991987705230712890625
-0.21385519206523895263671875
0.087899215519428253173828125
0.06448017060756683349609375
0.109249778091907501220703125
-0.46138727664947509765625
-0.0076668262481689453125
0.121178098022937774658203125
-0.088846661150455474853515625
-0.01619009487330913543701171875
0.008765868842601776123046875
-0.20812986791133880615234375
-0.20651911199092864990234375
-0.013838403858244419097900390625
-0.1809023320674896240234375
0.122514784336090087890625
0.0481965132057666778564453125
0.051993429660797119140625
-0.12129890918731689453125
-0.1553566753864288330078125
0.0181922353804111480712890625
-0.1875420510768890380859375
-0.11411575973033905029296875
-0.065684311091899871826171875
0.104976475238800048828125
0.010677405633032321929931640625
-0.08674828708171844482421875
-0.13122518360614776611328125
-0.012017928063869476318359375
0.0148363001644611358642578125
0.0430503077805042266845703125
0.0455210916697978973388671875
-0.057817406952381134033203125
-0.0760737359523773193359375
0.0428071320056915283203125
-0.152035892009735107421875
-0.1340138614177703857421875
0.102773003280162811279296875
0.06325709819793701171875
-0.098229460418224334716796875
-0.51007091999053955078125
-0.000459831469925120472908020019531
-0.0144995041191577911376953125
0.012374089099466800689697265625
-0.115362845361232757568359375
0.0282486192882061004638671875
-0.112167678773403167724609375
0.04282326996326446533203125
-0.10043300688266754150390625
-0.1124844849109649658203125
-0.10595728456974029541015625
0.1200034916400909423828125
-0.56593096256256103515625
-0.19218207895755767822265625
-0.31524026393890380859375
0.04420624673366546630859375
-0.023894079029560089111328125
-0.0579317696392536163330078125
0.000363299041055142879486083984375
-0.2430113852024078369140625
-0.2828671932220458984375
0.106626994907855987548828125
0.565700531005859375
-0.02355235628783702850341796875
-0.506017029285430908203125
0.0158600099384784698486328125
-0.005799022503197193145751953125
-0.0580261610448360443115234375
-0.193227291107177734375
-0.1659605503082275390625
-0.3593344986438751220703125
-0.1237628757953643798828125
0.024461798369884490966796875
0.02443992532789707183837890625
-0.02854521572589874267578125
0.048629604279994964599609375
0.0057615148834884166717529296875
-0.01796053908765316009521484375
0.02595427073538303375244140625
-0.01892639882862567901611328125
-0.4680857956409454345703125
-0.23460437357425689697265625
0.02164085023105144500732421875
0.065745465457439422607421875
-0.04537390172481536865234375
-0.0049990960396826267242431640625
0.11870579421520233154296875
0.0152677781879901885986328125
-0.24071598052978515625
-0.02361583895981311798095703125
0.000603662745561450719833374023438
-0.3760149478912353515625
-0.0617135465145111083984375
-0.02516639791429042816162109375
-0.15180055797100067138671875
0.0230312906205654144287109375
0.078318320214748382568359375
0.0156873427331447601318359375
0.046066142618656158447265625
-0.0345109738409519195556640625
-0.0506504662334918975830078125
0.05854754149913787841796875
0.048908062279224395751953125
0.1977873742580413818359375
-0.094874344766139984130859375
0.0058922595344483852386474609375
0.051592268049716949462890625
-0.010126217268407344818115234375
-0.097099043428897857666015625
-0.0066965990699827671051025390625
0.05828295648097991943359375
0.075757302343845367431640625
-0.01670740731060504913330078125
-0.1387455761432647705078125
-0.0685153305530548095703125
-0.084751583635807037353515625
-0.058919884264469146728515625
-0.0571730621159076690673828125
-0.000405148253776133060455322265625
0.07859818637371063232421875
0.094562433660030364990234375
-0.020404599606990814208984375
0.02560912631452083587646484375
-0.426827907562255859375
-0.0411803014576435089111328125
-0.001689822413027286529541015625
-0.0393655709922313690185546875
-0.2080592215061187744140625
0.09947884082794189453125
-0.2071535587310791015625
-0.609723985195159912109375
0.15482662618160247802734375
-0.046500794589519500732421875
-0.051429808139801025390625
0.110745720565319061279296875
-0.15404932200908660888671875
-0.2060318291187286376953125
-0.173122346401214599609375
-0.13107769191265106201171875
-0.00581274926662445068359375
-0.042773663997650146484375
-0.019523181021213531494140625
0.004624792374670505523681640625
0.051404051482677459716796875
0.07713212072849273681640625
0.106559373438358306884765625
0.05889250338077545166015625
0.762408733367919921875
-0.1686571538448333740234375
-0.364983141422271728515625
0.04117596149444580078125
0.10855281352996826171875
0.0496718250215053558349609375
0.104875408113002777099609375
0.06575770676136016845703125
-0.068857870995998382568359375
-0.22422356903553009033203125
-0.081889308989048004150390625
-0.064276285469532012939453125
-0.1916128695011138916015625
0.0581247396767139434814453125
0.13651736080646514892578125
-0.3811505734920501708984375
0.1055796146392822265625
-0.2560832202434539794921875
0.070943079888820648193359375
-0.324242413043975830078125
0.0262729823589324951171875
0.003768890164792537689208984375
0.010693321935832500457763671875
-0.3526842594146728515625
0.0073977462016046047210693359375
-0.3518902361392974853515625
0.0065199141390621662139892578125
-0.2186228334903717041015625
-0.0391377992928028106689453125
0.02780933491885662078857421875
-0.1647858321666717529296875
-0.15580515563488006591796875
-0.11722087860107421875
0.0792581140995025634765625
-0.3475959300994873046875
-0.273927271366119384765625
-0.0350874103605747222900390625
-0.1003932952880859375
-0.092921398580074310302734375
0.116452820599079132080078125
-0.00195610453374683856964111328125
0.108162663877010345458984375
-0.1156556606292724609375
-0.25949573516845703125
-0.2635160386562347412109375
-0.3896889984607696533203125
-0.03264038264751434326171875
0.016917608678340911865234375
0.009377268142998218536376953125
0.12289400398731231689453125
-0.08065052330493927001953125
-0.065527863800525665283203125
-0.3873229324817657470703125
-0.0385052450001239776611328125
-0.15802077949047088623046875
-0.14194948971271514892578125
-0.013550071977078914642333984375
0.03809855878353118896484375
-0.411661684513092041015625
-0.2621963024139404296875
0.03109285794198513031005859375
0.066656403243541717529296875
0.0781965553760528564453125
0.011204783804714679718017578125
0.0460972674190998077392578125
-0.2941825091838836669921875
-0.03088068030774593353271484375
0.0966897904872894287109375
0.0322047136723995208740234375
0.21380369365215301513671875
0.0189419128000736236572265625
-0.24976469576358795166015625
-0.238676548004150390625
-0.15163628756999969482421875
0.06572903692722320556640625
0.024486362934112548828125
-0.113257788121700286865234375
0.02547348104417324066162109375
-0.459194839000701904296875
0.0232223756611347198486328125
-0.03603063523769378662109375
-0.3392437994480133056640625
-0.02338801883161067962646484375
-0.0244164355099201202392578125
-0.015608861111104488372802734375
0.666350662708282470703125
-0.13250853121280670166015625
0.110269956290721893310546875
-0.179121673107147216796875
0.005079085938632488250732421875
-0.094844162464141845703125
-0.02261248789727687835693359375
0.0194138921797275543212890625
-0.02031168527901172637939453125
0.15951716899871826171875
0.072048924863338470458984375
0.106933094561100006103515625
-0.074259005486965179443359375
-0.3896850645542144775390625
-0.577330768108367919921875
-0.13963620364665985107421875
0.02043998800218105316162109375
0.08575816452503204345703125
-0.3736088573932647705078125
0.064710937440395355224609375
0.089226640760898590087890625
-0.1585489809513092041015625
-0.009986366145312786102294921875
-0.24348063766956329345703125
0.02263240702450275421142578125
0.0792576372623443603515625
-0.23328983783721923828125
0.141988456249237060546875
-0.0439806990325450897216796875
0.031366713345050811767578125
-0.2123882472515106201171875
0.0469847805798053741455078125
-0.1933358609676361083984375
0.02681614272296428680419921875
0.015439130365848541259765625
-0.051384985446929931640625
-0.0420067273080348968505859375
-0.04587447643280029296875
-0.16027934849262237548828125
0.1466802656650543212890625
-0.1569716632366180419921875
0.088719971477985382080078125
-0.09367544949054718017578125
-0.4134224951267242431640625
0.0039563099853694438934326171875
-0.0551397800445556640625
-0.066625051200389862060546875
-0.104917101562023162841796875
0.107332758605480194091796875
0.11872684955596923828125
0.07496024668216705322265625
0.0384911783039569854736328125
-0.1615104377269744873046875
-0.4831060469150543212890625
-0.1735982000827789306640625
-0.0931782424449920654296875
0.13868463039398193359375
0.0539885200560092926025390625
-0.08640266954898834228515625
0.16698706150054931640625
-0.567286014556884765625
-0.4352792203426361083984375
0.07295835018157958984375
0.046537339687347412109375
-0.3503159582614898681640625
-0.1027754247188568115234375
-0.01430098712444305419921875
0.0432594604790210723876953125
0.028983213007450103759765625
0.15350855886936187744140625
-0.083586394786834716796875
-0.088523387908935546875
-0.53717982769012451171875
-0.01841294951736927032470703125
0.12714327871799468994140625
-0.0330593883991241455078125
0.05732418596744537353515625
0.03205527365207672119140625
-0.22409786283969879150390625
-0.053849048912525177001953125
-0.22636373341083526611328125
-0.1984958648681640625
0.1536929607391357421875
0.01826431788504123687744140625
0.0591543428599834442138671875
0.68561732769012451171875
