0.12178935110569000244140625 0.1529705524444580078125 0.0163119621574878692626953125 0.01649706065654754638671875 0.15884053707122802734375 
0.3007762432098388671875 0.4339272081851959228515625 0.4962358772754669189453125 0.429201900959014892578125 0.3715616762638092041015625 
0.04927246272563934326171875 0.086830429732799530029296875 0.16058011353015899658203125 0.21437700092792510986328125 0.074034430086612701416015625 
-0.380918085575103759765625 -0.3464169800281524658203125 -0.2922518551349639892578125 -0.4018044173717498779296875 -0.22839684784412384033203125 
-0.3805139362812042236328125 -0.51702845096588134765625 -0.558324992656707763671875 -0.36920833587646484375 -0.01951014995574951171875 


-0.01981246285140514373779296875 -0.0558826960623264312744140625 -0.19981344044208526611328125 -0.620104491710662841796875 -0.49301564693450927734375 
0.040208809077739715576171875 0.3981497585773468017578125 0.303658187389373779296875 -0.21095740795135498046875 -0.4026111066341400146484375 
0.02746452391147613525390625 0.4425958693027496337890625 1.09311676025390625 0.720067501068115234375 -0.099341221153736114501953125 
-0.34763085842132568359375 -0.1780268251895904541015625 0.2173541486263275146484375 0.4429943859577178955078125 0.012259890325367450714111328125 
-0.4020068943500518798828125 -0.493755817413330078125 -0.2898187339305877685546875 0.20134590566158294677734375 0.099064983427524566650390625 


-0.02763407863676548004150390625 -0.01493433304131031036376953125 0.0472769998013973236083984375 -0.2134442627429962158203125 -0.3999964296817779541015625 
0.02198293991386890411376953125 0.091410763561725616455078125 -0.07586012780666351318359375 -0.4240518510341644287109375 -0.5968372821807861328125 
-0.06566740572452545166015625 0.0848667919635772705078125 0.0096438340842723846435546875 -0.065762996673583984375 0.02992282621562480926513671875 
-0.010676224716007709503173828125 0.145726144313812255859375 0.3776789009571075439453125 0.5643246173858642578125 0.4389174282550811767578125 
0.120627917349338531494140625 0.116663597524166107177734375 -0.01266994141042232513427734375 0.0477335639297962188720703125 0.0894455015659332275390625 


-0.21048890054225921630859375 -0.0074093495495617389678955078125 0.119151592254638671875 0.11483712494373321533203125 -0.027913458645343780517578125 
-0.09186287224292755126953125 0.169041574001312255859375 0.089766852557659149169921875 0.264853060245513916015625 0.14565379917621612548828125 
-0.069717414677143096923828125 -0.116909705102443695068359375 0.459787189960479736328125 0.4199192225933074951171875 -0.19964839518070220947265625 
0.09870815277099609375 0.099369116127490997314453125 0.3776967823505401611328125 0.0608422197401523590087890625 -0.080911733210086822509765625 
-0.083378754556179046630859375 0.251714885234832763671875 0.13778485357761383056640625 0.100821442902088165283203125 -0.0376577042043209075927734375 


0.188607871532440185546875 0.095531590282917022705078125 -0.02655104361474514007568359375 -0.117822162806987762451171875 -0.0065034688450396060943603515625 
-0.088175706565380096435546875 -0.2567683160305023193359375 -0.3150157630443572998046875 -0.1362126171588897705078125 0.12474761903285980224609375 
-0.31807863712310791015625 -0.3733644187450408935546875 -0.20592088997364044189453125 0.23091517388820648193359375 0.21901015937328338623046875 
-0.2086678445339202880859375 -0.01773376762866973876953125 0.27925395965576171875 0.4371776878833770751953125 0.0473980605602264404296875 
0.2600550353527069091796875 0.3651208579540252685546875 0.3000765740871429443359375 -0.097485959529876708984375 -0.1251412332057952880859375 


-0.0162729136645793914794921875 0.00894915498793125152587890625 -0.00108536973129957914352416992188 -0.010193767957389354705810546875 0.0359356813132762908935546875 
-0.0439089834690093994140625 -0.02732293494045734405517578125 -0.076954670250415802001953125 -0.060114763677120208740234375 -0.108325898647308349609375 
0.06543748080730438232421875 -0.0180231593549251556396484375 0.02485519088804721832275390625 -0.0218194238841533660888671875 -0.0400839783251285552978515625 
0.065077506005764007568359375 0.08661703765392303466796875 0.113068997859954833984375 0.1356899440288543701171875 0.063148684799671173095703125 
0.006722857244312763214111328125 -0.06633000075817108154296875 -0.068429045379161834716796875 -0.0038436432369053363800048828125 -0.008980656974017620086669921875 



-0.037131607532501220703125
-0.3044598102569580078125
-0.0412567742168903350830078125
-0.0216710232198238372802734375
-0.0470988787710666656494140625
-0.0390686355531215667724609375
