0.00728436000645160675048828125 -0.000110882967419456690549850463867 -0.1257249414920806884765625 -0.17373971641063690185546875 -0.22605951130390167236328125 
-0.010108861140906810760498046875 -0.01586209796369075775146484375 0.01963730715215206146240234375 -0.019967250525951385498046875 -0.0432563833892345428466796875 
0.1369957029819488525390625 0.290071010589599609375 0.2875275313854217529296875 0.14825336635112762451171875 0.0052558663301169872283935546875 
-0.23808528482913970947265625 -0.1522390842437744140625 -0.005864984355866909027099609375 0.03835904598236083984375 -0.072045944631099700927734375 
0.0217568539083003997802734375 0.0500297807157039642333984375 0.000169908642419613897800445556641 -0.0457247160375118255615234375 -0.02959666587412357330322265625 

-0.0404918231070041656494140625 -0.0215555168688297271728515625 -0.09979070723056793212890625 -0.081066720187664031982421875 -0.051690392196178436279296875 
0.20547975599765777587890625 0.13302226364612579345703125 -0.0464603491127490997314453125 -0.0641071498394012451171875 -0.04377520084381103515625 
0.061998091638088226318359375 -0.0043229279108345508575439453125 -0.044283948838710784912109375 -0.1155741512775421142578125 -0.077891118824481964111328125 
0.0188118033111095428466796875 -0.06540687382221221923828125 -0.0663436949253082275390625 -0.069796629250049591064453125 -0.014649030752480030059814453125 
-0.03632496297359466552734375 0.146578311920166015625 0.15264521539211273193359375 -0.02300865016877651214599609375 -0.001852246932685375213623046875 

-0.065779708325862884521484375 -0.03053370304405689239501953125 0.071824245154857635498046875 0.081833221018314361572265625 0.063727013766765594482421875 
0.100461065769195556640625 0.15108190476894378662109375 0.03809921443462371826171875 -0.05842365324497222900390625 -0.0558467023074626922607421875 
-0.18733493983745574951171875 -0.22590900957584381103515625 -0.2542102336883544921875 -0.1551383435726165771484375 -0.1358146369457244873046875 
0.0421848557889461517333984375 0.00158527656458318233489990234375 -0.037889502942562103271484375 -0.1114904582500457763671875 -0.09596614539623260498046875 
0.07812722027301788330078125 0.0445961393415927886962890625 0.0409533679485321044921875 -0.048967637121677398681640625 -0.115163274109363555908203125 

0.064504325389862060546875 -0.02506315708160400390625 0.09348581731319427490234375 0.060560166835784912109375 0.12158687412738800048828125 
-0.120429344475269317626953125 0.11119981110095977783203125 0.211090564727783203125 0.15570871531963348388671875 0.2224090099334716796875 
-0.12548394501209259033203125 -0.0573445372283458709716796875 -0.119203858077526092529296875 0.04711697995662689208984375 -0.04306949675083160400390625 
-0.13550846278667449951171875 -0.139698088169097900390625 -0.12887598574161529541015625 -0.15697060525417327880859375 -0.19303779304027557373046875 
0.123502112925052642822265625 0.07687436044216156005859375 0.079999841749668121337890625 -0.07610757648944854736328125 -0.1354045867919921875 

0.052732788026332855224609375 0.005567657761275768280029296875 0.03306348621845245361328125 0.01695092022418975830078125 0.0318646095693111419677734375 
-0.021338336169719696044921875 0.002458875067532062530517578125 -0.0484117977321147918701171875 -0.070962272584438323974609375 -0.03915703296661376953125 
-0.08845625817775726318359375 -0.1149799823760986328125 -0.09598605334758758544921875 -0.0753023624420166015625 -0.073185585439205169677734375 
0.02957727015018463134765625 0.0232760570943355560302734375 0.03078885562717914581298828125 -0.0283148549497127532958984375 -0.0503404401242733001708984375 
0.105705700814723968505859375 0.0076716584153473377227783203125 -0.034199483692646026611328125 -0.029748089611530303955078125 -0.0648084580898284912109375 

-0.02501456998288631439208984375 -0.0109344981610774993896484375 -0.00381805305369198322296142578125 -0.00332110351882874965667724609375 0.004369855858385562896728515625 
0.0350088961422443389892578125 0.0315044559538364410400390625 0.01565478742122650146484375 -0.004317794926464557647705078125 -0.016046158969402313232421875 
-0.01012580655515193939208984375 -0.000324719963828101754188537597656 -0.009071155451238155364990234375 -0.01581387408077716827392578125 -0.010425071232020854949951171875 
0.01154443062841892242431640625 0.013291952200233936309814453125 0.010234363377094268798828125 0.00141857436392456293106079101562 0.00160655926447361707687377929688 
-0.014686754904687404632568359375 -0.0063029094599187374114990234375 0.0065811113454401493072509765625 0.0033745556138455867767333984375 -0.0025592134334146976470947265625 


-0.00912304036319255828857421875 -0.0464742518961429595947265625 -0.0492007173597812652587890625 -0.004159070551395416259765625 -0.0103436596691608428955078125 
-0.056538335978984832763671875 -0.0463177822530269622802734375 -0.0102326460182666778564453125 -0.0013318671844899654388427734375 -0.006678021512925624847412109375 
0.0337292738258838653564453125 0.065025158226490020751953125 0.00244989059865474700927734375 -0.03019307740032672882080078125 0.0045116259716451168060302734375 
0.073888011276721954345703125 0.053694307804107666015625 -0.0042769690044224262237548828125 -0.0108327604830265045166015625 -0.008313900791108608245849609375 
-0.012822092510759830474853515625 -0.033058024942874908447265625 -0.026477515697479248046875 -0.015615838579833507537841796875 -0.007965304888784885406494140625 

0.0326452963054180145263671875 0.008709065616130828857421875 -0.01255538873374462127685546875 -0.000739397888537496328353881835938 0.0661385357379913330078125 
-0.01984991692006587982177734375 -0.0415890477597713470458984375 -0.0465313307940959930419921875 -0.064051695168018341064453125 0.00142949144355952739715576171875 
-0.068965375423431396484375 0.004981742240488529205322265625 0.01980331726372241973876953125 -0.019874870777130126953125 0.00339320604689419269561767578125 
0.018102683126926422119140625 0.03436724841594696044921875 0.00101260782685130834579467773438 0.007547424174845218658447265625 0.01241043768823146820068359375 
0.014421641826629638671875 0.0304240286350250244140625 -0.000303264183457940816879272460938 0.03634898364543914794921875 0.026075839996337890625 

0.011188800446689128875732421875 0.01349490322172641754150390625 0.02049648948013782501220703125 -0.0204091332852840423583984375 -0.01592209376394748687744140625 
-0.02536703087389469146728515625 -0.02990162558853626251220703125 -0.0376869179308414459228515625 -0.044961683452129364013671875 -0.008567421697080135345458984375 
-0.0484660677611827850341796875 -0.0400652028620243072509765625 -0.0150373466312885284423828125 -0.01778307370841503143310546875 -0.01649036817252635955810546875 
-0.034907817840576171875 -0.014972896315157413482666015625 0.0059735770337283611297607421875 -0.0072773718275129795074462890625 -0.0010181586258113384246826171875 
0.01432276330888271331787109375 0.01666578091681003570556640625 0.02195096574723720550537109375 0.02587588690221309661865234375 0.02706415019929409027099609375 

0.003490491770207881927490234375 0.046263240277767181396484375 0.07500346004962921142578125 -0.02687215618789196014404296875 0.009349147789180278778076171875 
0.0422432310879230499267578125 0.093957722187042236328125 0.0563377775251865386962890625 -0.073386423289775848388671875 0.02491842769086360931396484375 
0.080642223358154296875 0.01770649291574954986572265625 -0.01906082592904567718505859375 -0.0359023399651050567626953125 0.010809920728206634521484375 
-0.04733283817768096923828125 -0.0597438253462314605712890625 -0.02653021179139614105224609375 -0.02255992591381072998046875 -0.02720475755631923675537109375 
-0.09153521060943603515625 -0.0057042022235691547393798828125 0.007645918987691402435302734375 -0.00843035615980625152587890625 0.00712338648736476898193359375 

-0.014339375309646129608154296875 -0.01324120722711086273193359375 -0.02635432966053485870361328125 -0.0441038347780704498291015625 -0.0351847670972347259521484375 
0.0299710296094417572021484375 -0.00370332621969282627105712890625 -0.0613446943461894989013671875 -0.0330324657261371612548828125 0.000199599642655812203884124755859 
-0.000209680438274517655372619628906 -0.02984096296131610870361328125 -0.008473719470202922821044921875 -0.0069062043912708759307861328125 -0.0056574572809040546417236328125 
-0.0527134239673614501953125 -0.00990013219416141510009765625 0.0083863735198974609375 -0.00168627151288092136383056640625 0.0066070058383047580718994140625 
-0.00367713370360434055328369140625 0.0213638208806514739990234375 0.00198720209300518035888671875 0.01034730859100818634033203125 0.0045484690926969051361083984375 

0.0043750549666583538055419921875 0.003600982017815113067626953125 -0.005153560079634189605712890625 -0.001898647285997867584228515625 -0.0107116661965847015380859375 
-0.0080465637147426605224609375 -0.010812840424478054046630859375 -0.01062059216201305389404296875 -0.00335949263535439968109130859375 -0.00803220272064208984375 
-0.0058765546418726444244384765625 -0.005289110355079174041748046875 0.00064359768293797969818115234375 -0.000201557384571060538291931152344 0.00245036254636943340301513671875 
0.0048605459742248058319091796875 -0.0034629157744348049163818359375 0.00167230924125760793685913085938 -0.00672563724219799041748046875 0.000446018879301846027374267578125 
0.005334463901817798614501953125 -0.000532274949364364147186279296875 0.00341191957704722881317138671875 0.0031317262910306453704833984375 0.00296038272790610790252685546875 


-0.0146689526736736297607421875 -0.03062305413186550140380859375 0.0079048015177249908447265625 0.1841512024402618408203125 0.0986092388629913330078125 
0.0327926985919475555419921875 0.0111523903906345367431640625 -0.07981716096401214599609375 -0.1707608401775360107421875 0.02227159403264522552490234375 
-0.083362393081188201904296875 -0.11453258991241455078125 -0.15241186320781707763671875 0.095951974391937255859375 0.2758137881755828857421875 
0.000510138575918972492218017578125 -0.044313013553619384765625 -0.063219942152500152587890625 -0.0328276716172695159912109375 -0.0904161930084228515625 
-0.14978422224521636962890625 -0.10224919021129608154296875 -0.008554655127227306365966796875 0.0280670709908008575439453125 0.11273191869258880615234375 

-0.1305231153964996337890625 0.046901397407054901123046875 -0.03869783878326416015625 -0.053373195230960845947265625 -0.10096730291843414306640625 
-0.2199335992336273193359375 0.012548424303531646728515625 -0.044400967657566070556640625 -0.08107440173625946044921875 0.071820557117462158203125 
0.041772119700908660888671875 -0.17889045178890228271484375 -0.2144568264484405517578125 0.02497459948062896728515625 0.162712633609771728515625 
-0.032017491757869720458984375 -0.171370089054107666015625 -0.05393545329570770263671875 0.29000270366668701171875 0.16950730979442596435546875 
-0.06386359035968780517578125 0.04049195349216461181640625 0.21485061943531036376953125 0.13493822515010833740234375 0.085884571075439453125 

-0.0482355542480945587158203125 -0.052008569240570068359375 -0.1435486376285552978515625 -0.1424525678157806396484375 -0.2001483738422393798828125 
0.012338741682469844818115234375 -0.106331609189510345458984375 -0.00370972789824008941650390625 0.12259019911289215087890625 0.12820589542388916015625 
-0.037013910710811614990234375 0.0358086191117763519287109375 0.2674300968647003173828125 0.21816520392894744873046875 0.0508489720523357391357421875 
0.11810468137264251708984375 0.097052849829196929931640625 -0.14514981210231781005859375 -0.020725138485431671142578125 0.02812384068965911865234375 
-0.12418805062770843505859375 -0.0985151231288909912109375 0.11565212905406951904296875 0.0564587153494358062744140625 -0.0321789719164371490478515625 

-0.0691967904567718505859375 -0.02525178156793117523193359375 -0.0559390522539615631103515625 -0.2504624426364898681640625 -0.14233644306659698486328125 
-0.13519193232059478759765625 -0.154334545135498046875 -0.268849790096282958984375 -0.1405414640903472900390625 -0.0104559101164340972900390625 
-0.032572947442531585693359375 -0.05989086627960205078125 0.1563516557216644287109375 0.21909470856189727783203125 0.17911468446254730224609375 
0.112885318696498870849609375 0.396288454532623291015625 0.23785726726055145263671875 -0.192532122135162353515625 -0.28332436084747314453125 
0.1673128306865692138671875 0.0619286559522151947021484375 -0.15075270831584930419921875 -0.08585916459560394287109375 -0.063548259437084197998046875 

-0.065617434680461883544921875 0.02137684263288974761962890625 -0.08538211882114410400390625 -0.17059524357318878173828125 -0.12506997585296630859375 
0.0810468494892120361328125 0.034813456237316131591796875 -0.0452996678650379180908203125 0.11584277451038360595703125 0.092036657035350799560546875 
-0.0335958115756511688232421875 0.07985897362232208251953125 0.2812942564487457275390625 0.114082418382167816162109375 -0.18376384675502777099609375 
0.081502474844455718994140625 0.09017653763294219970703125 -0.068279214203357696533203125 -0.1530039310455322265625 -0.0398497879505157470703125 
-0.13976611196994781494140625 -0.1627875268459320068359375 -0.12020160257816314697265625 -0.0252652429044246673583984375 0.00125174748245626688003540039062 

0.0006339089013636112213134765625 0.008204395882785320281982421875 -0.0044919163919985294342041015625 0.014014569111168384552001953125 0.00786954350769519805908203125 
-0.00231091189198195934295654296875 -0.002890261821448802947998046875 0.0056319474242627620697021484375 0.01654984056949615478515625 0.0463821031153202056884765625 
0.015400760807096958160400390625 0.013819665648043155670166015625 0.03120395354926586151123046875 0.059442467987537384033203125 0.0628976523876190185546875 
0.014180216006934642791748046875 0.02370990812778472900390625 0.033403970301151275634765625 0.01631421409547328948974609375 0.012801080010831356048583984375 
-0.003884094767272472381591796875 0.011802566237747669219970703125 0.006770908832550048828125 0.001740002073347568511962890625 -0.00304035912267863750457763671875 


0.0611738264560699462890625 -0.1006183624267578125 -0.124260969460010528564453125 0.000512806640472263097763061523438 0.0412339866161346435546875 
-0.23668931424617767333984375 -0.2276023328304290771484375 -0.11822326481342315673828125 -0.066952742636203765869140625 -0.0476598702371120452880859375 
-0.11984647810459136962890625 -0.10899220407009124755859375 -0.1272823810577392578125 -0.1169720590114593505859375 -0.07214604318141937255859375 
0.02868411876261234283447265625 0.0013159052468836307525634765625 -0.111270822584629058837890625 -0.0743535459041595458984375 -0.123634040355682373046875 
-0.06457965075969696044921875 -0.1667859852313995361328125 -0.044649779796600341796875 -0.04741394519805908203125 -0.0608725361526012420654296875 

0.23711480200290679931640625 -1.88732883543707430362701416016e-07 -0.17233650386333465576171875 -0.0944088995456695556640625 -0.1579438149929046630859375 
0.110412232577800750732421875 -0.02207526750862598419189453125 -0.171953380107879638671875 -0.1998215615749359130859375 -0.1445540487766265869140625 
-0.28633105754852294921875 -0.26229441165924072265625 -0.19605086743831634521484375 -0.21371857821941375732421875 -0.1673763692378997802734375 
-0.24160854518413543701171875 -0.13405548036098480224609375 0.01353193260729312896728515625 -0.09185205399990081787109375 -0.039412148296833038330078125 
-0.013862761668860912322998046875 0.041395269334316253662109375 0.069353260099887847900390625 -0.0059586293064057826995849609375 -0.077811546623706817626953125 

0.1284792423248291015625 -0.057073585689067840576171875 -0.050171114504337310791015625 -0.16587306559085845947265625 -0.168386638164520263671875 
0.065579570829868316650390625 0.07960577309131622314453125 -0.15464551746845245361328125 -0.12970532476902008056640625 -0.01671875454485416412353515625 
-0.0367591939866542816162109375 -0.083518184721469879150390625 -0.0592319853603839874267578125 -0.01843757927417755126953125 0.0073518832214176654815673828125 
-0.074863858520984649658203125 -0.00127422250807285308837890625 0.08251273632049560546875 -0.010494803078472614288330078125 0.0444889701902866363525390625 
0.0895059108734130859375 0.14164875447750091552734375 0.0339619256556034088134765625 0.01980857364833354949951171875 0.0551239810883998870849609375 

-0.20902536809444427490234375 0.09997022151947021484375 0.04312510788440704345703125 -0.041794531047344207763671875 -0.0508016385138034820556640625 
0.2360744476318359375 0.3244926035404205322265625 0.013646476902067661285400390625 -0.2900752723217010498046875 0.0186305940151214599609375 
0.520094931125640869140625 0.0528330504894256591796875 -0.23988939821720123291015625 -0.1474534571170806884765625 0.0992012321949005126953125 
0.1688954830169677734375 -0.17493669688701629638671875 -0.16060318052768707275390625 0.092114515602588653564453125 0.058057375252246856689453125 
-0.3294899761676788330078125 -0.118510089814662933349609375 0.110168434679508209228515625 0.1692715585231781005859375 0.056202895939350128173828125 

0.1378986537456512451171875 0.02551324851810932159423828125 -0.110542125999927520751953125 -0.062858104705810546875 0.0059124655090272426605224609375 
0.24047410488128662109375 -0.0616448633372783660888671875 -0.1358877122402191162109375 0.01140742190182209014892578125 0.088530845940113067626953125 
0.149086058139801025390625 -0.106350101530551910400390625 -0.014983744360506534576416015625 0.107865869998931884765625 0.07897330820560455322265625 
0.018686808645725250244140625 -0.034434013068675994873046875 0.009635603986680507659912109375 0.025575406849384307861328125 0.020742543041706085205078125 
-0.103811912238597869873046875 -0.038803450763225555419921875 0.011911193840205669403076171875 -0.00107600644696503877639770507812 -0.038868077099323272705078125 

0.023201398551464080810546875 0.0047020236961543560028076171875 -0.000352403003489598631858825683594 -0.02512208186089992523193359375 -0.012165888212621212005615234375 
0.013349898159503936767578125 -0.000920050719287246465682983398438 -0.00971959345042705535888671875 -0.010774332098662853240966796875 -0.00720384530723094940185546875 
-0.02120631001889705657958984375 -0.01020710356533527374267578125 -0.01430608145892620086669921875 -0.0143306218087673187255859375 -0.01142235286533832550048828125 
0.011773121543228626251220703125 -0.0026279897429049015045166015625 0.008549562655389308929443359375 0.0032009962014853954315185546875 0.009214163757860660552978515625 
0.01880146376788616180419921875 -0.004630486480891704559326171875 -0.007830127142369747161865234375 -0.010178587399423122406005859375 -0.009082823060452938079833984375 


-0.054190658032894134521484375 -0.116122879087924957275390625 -0.0416864864528179168701171875 -0.093798004090785980224609375 -0.099845550954341888427734375 
0.02037244848906993865966796875 -0.0359981097280979156494140625 -0.0498689711093902587890625 -0.0263973362743854522705078125 0.14642284810543060302734375 
-0.129273235797882080078125 -0.16603314876556396484375 -0.1497028172016143798828125 -0.212569534778594970703125 9.64848004514351487159729003906e-05 
-0.07518480718135833740234375 -0.0773493945598602294921875 -0.08908121287822723388671875 -0.1843428313732147216796875 -0.114786915481090545654296875 
0.0584772191941738128662109375 0.0058463499881327152252197265625 -0.08844889700412750244140625 -0.16458548605442047119140625 -0.14759266376495361328125 

-0.0391867645084857940673828125 0.10095955431461334228515625 -0.094015829265117645263671875 -0.104837901890277862548828125 0.0142388753592967987060546875 
-0.2446346282958984375 0.12591217458248138427734375 0.1845578253269195556640625 -0.104670487344264984130859375 0.08348287642002105712890625 
-0.2227933406829833984375 -0.17107523977756500244140625 0.17128489911556243896484375 -0.0531511791050434112548828125 -0.082960970699787139892578125 
-0.00193267536815255880355834960938 -0.09395249187946319580078125 0.17725102603435516357421875 0.00628651492297649383544921875 -0.109776079654693603515625 
-0.0027989023365080356597900390625 -0.18872858583927154541015625 -0.072872094810009002685546875 0.0184505395591259002685546875 -0.056301303207874298095703125 

-0.11036820709705352783203125 0.0564994402229785919189453125 0.0450147055089473724365234375 -0.0073332940228283405303955078125 0.0519051253795623779296875 
-0.2318803369998931884765625 -0.011126280762255191802978515625 0.026529125869274139404296875 -0.0617851503193378448486328125 0.01175195164978504180908203125 
-0.17257024347782135009765625 -0.2109589278697967529296875 0.095508463680744171142578125 0.01934239454567432403564453125 -0.105355300009250640869140625 
-0.15976893901824951171875 -0.1643674671649932861328125 0.09249760210514068603515625 0.0332180522382259368896484375 -0.09938241541385650634765625 
-0.0346541889011859893798828125 -0.16126549243927001953125 0.049894474446773529052734375 0.20644439756870269775390625 0.0515673719346523284912109375 

-0.1251043379306793212890625 0.015036570839583873748779296875 0.06478430330753326416015625 -0.076243817806243896484375 -0.1372402608394622802734375 
-0.19955797493457794189453125 0.146754443645477294921875 0.3892593681812286376953125 0.026109911501407623291015625 -0.1022930443286895751953125 
-0.2130714952945709228515625 -0.01362744905054569244384765625 0.511722385883331298828125 -0.049068890511989593505859375 -0.29625415802001953125 
-0.318583011627197265625 -0.083924435079097747802734375 0.59848058223724365234375 0.085293285548686981201171875 -0.3416714370250701904296875 
-0.2801635563373565673828125 -0.075568519532680511474609375 0.4792066514492034912109375 -0.091543726623058319091796875 -0.05820856988430023193359375 

-0.0844743251800537109375 -0.02629180438816547393798828125 0.07002477347850799560546875 -0.01965938508510589599609375 -0.0411482416093349456787109375 
0.02597999386489391326904296875 0.00044798222370445728302001953125 -0.0031252051703631877899169921875 -0.18438918888568878173828125 -0.083054147660732269287109375 
-0.009355974383652210235595703125 -0.0463080108165740966796875 -0.057607717812061309814453125 -0.16525577008724212646484375 -0.069853961467742919921875 
-0.0397630035877227783203125 0.00172553979791700839996337890625 0.008011691272258758544921875 -0.2228827774524688720703125 -0.006301092915236949920654296875 
0.0403666608035564422607421875 0.00732054375112056732177734375 -0.069191791117191314697265625 -0.11375312507152557373046875 0.0407066456973552703857421875 

-0.021360851824283599853515625 -0.02325833775103092193603515625 0.0066892881877720355987548828125 0.00912876427173614501953125 0.0030339625664055347442626953125 
-0.01725108362734317779541015625 -0.052950896322727203369140625 -0.0220606289803981781005859375 0.00304989167489111423492431640625 -0.0058325263671576976776123046875 
-0.00729076005518436431884765625 -0.0237294025719165802001953125 -0.0157683193683624267578125 -0.00134685577359050512313842773438 0.00282210786826908588409423828125 
0.00161566701717674732208251953125 -0.0059730219654738903045654296875 -0.0333423577249050140380859375 -0.01729229278862476348876953125 -0.00386736239306628704071044921875 
0.01978266052901744842529296875 0.000780625094193965196609497070312 -0.0226781666278839111328125 -0.00294896843843162059783935546875 0.01478515751659870147705078125 


-0.01806211657822132110595703125 -0.09615044295787811279296875 -0.0115762464702129364013671875 0.040849678218364715576171875 -0.04503105580806732177734375 
0.0353060327470302581787109375 0.03009520284831523895263671875 0.0276780463755130767822265625 -0.0821733772754669189453125 -0.145675837993621826171875 
0.091186702251434326171875 0.07170522212982177734375 0.02488759718835353851318359375 -0.02977125160396099090576171875 -0.0473916418850421905517578125 
0.092290110886096954345703125 -0.063020460307598114013671875 -0.1363055408000946044921875 -0.07163740694522857666015625 -0.152338922023773193359375 
-0.02642226405441761016845703125 -0.087193883955478668212890625 -0.01035700552165508270263671875 -0.0041877166368067264556884765625 -0.055927224457263946533203125 

0.0193369425833225250244140625 0.0427460260689258575439453125 -0.0591428317129611968994140625 -0.09723027050495147705078125 0.122354321181774139404296875 
-0.072968252003192901611328125 0.03942544758319854736328125 0.101915009319782257080078125 0.0040264180861413478851318359375 -0.03531442582607269287109375 
-0.00859381817281246185302734375 -0.1185208261013031005859375 -0.10990990698337554931640625 -0.098192967474460601806640625 -0.21351270377635955810546875 
-0.03385494649410247802734375 -0.15197332203388214111328125 -0.2286615669727325439453125 -0.2377410829067230224609375 0.033383421599864959716796875 
-0.20749743282794952392578125 -0.064579986035823822021484375 -0.058075256645679473876953125 -0.0613359473645687103271484375 -0.076036311686038970947265625 

-0.044701635837554931640625 0.056195639073848724365234375 0.0440740473568439483642578125 -0.1293261349201202392578125 -0.014263254590332508087158203125 
-0.059030354022979736328125 -0.030981577932834625244140625 0.014342955313622951507568359375 -0.038859665393829345703125 0.0045436718501150608062744140625 
-0.076339773833751678466796875 -0.19114850461483001708984375 -0.069263957440853118896484375 0.13983596861362457275390625 0.1932370364665985107421875 
-0.104295790195465087890625 0.018859006464481353759765625 0.1264397799968719482421875 0.08993518352508544921875 0.106380917131900787353515625 
-0.088656075298786163330078125 -0.00226744054816663265228271484375 -0.092278353869915008544921875 -0.051479279994964599609375 0.00354234711267054080963134765625 

0.124162010848522186279296875 0.19947254657745361328125 0.000484996417071670293807983398438 -0.1087821424007415771484375 -0.01093501783907413482666015625 
0.17273914813995361328125 0.19315768778324127197265625 -0.080995954573154449462890625 -0.17674650251865386962890625 -0.00902941264212131500244140625 
0.0558512471616268157958984375 -0.1640897095203399658203125 -0.2939652502536773681640625 -0.08155329525470733642578125 0.2726884186267852783203125 
-0.23522876203060150146484375 -0.3084399998188018798828125 0.01309581287205219268798828125 0.2515499889850616455078125 0.0442939363420009613037109375 
-0.259606838226318359375 -0.0361447893083095550537109375 0.19487474858760833740234375 -0.01718492992222309112548828125 0.1035093367099761962890625 

-0.055659003555774688720703125 -0.086973674595355987548828125 -0.019047677516937255859375 -0.0726048052310943603515625 -0.12902639806270599365234375 
-0.0102303065359592437744140625 -0.0077395518310368061065673828125 -0.0279693603515625 -0.0607261396944522857666015625 0.1064555644989013671875 
-0.0328111313283443450927734375 -0.02909662015736103057861328125 -0.0316760577261447906494140625 0.1353558003902435302734375 0.2154947817325592041015625 
-0.0395064093172550201416015625 0.011863366700708866119384765625 0.19922409951686859130859375 0.195158481597900390625 9.68814274528995156288146972656e-05 
0.00896202214062213897705078125 0.079074271023273468017578125 0.0275342278182506561279296875 -0.15756396949291229248046875 0.039843879640102386474609375 

-0.013391810469329357147216796875 -0.01027186028659343719482421875 -0.00771661289036273956298828125 -0.00928008556365966796875 -0.0069118817336857318878173828125 
-0.014804405160248279571533203125 -0.013347272761166095733642578125 -0.0043651838786900043487548828125 0.004077945835888385772705078125 0.00103665725328028202056884765625 
0.00324355694465339183807373046875 -0.009642460383474826812744140625 -0.014668787829577922821044921875 -0.009429260157048702239990234375 0.01094981096684932708740234375 
0.00086816214025020599365234375 0.0032612481154501438140869140625 0.000698076735716313123703002929688 -0.012788529507815837860107421875 0.02026322670280933380126953125 
-0.011831623502075672149658203125 -0.01315744407474994659423828125 0.002446758560836315155029296875 -0.0064723156392574310302734375 -0.02416409738361835479736328125 


-0.01867667026817798614501953125 -0.00361368875019252300262451171875 -0.02664962224662303924560546875 -0.0471084825694561004638671875 -0.00160800211597234010696411132812 
-0.01911492645740509033203125 -0.06500534713268280029296875 -0.055317223072052001953125 -0.02480375766754150390625 -0.00186356133781373500823974609375 
-0.02984879724681377410888671875 -0.006647445261478424072265625 0.02361656725406646728515625 0.0084763951599597930908203125 -0.015557923354208469390869140625 
0.0518788881599903106689453125 0.07664214074611663818359375 0.02436963655054569244384765625 -0.014118979685008525848388671875 -0.032131202518939971923828125 
0.009237389080226421356201171875 0.01377201266586780548095703125 -0.00579582154750823974609375 -0.01999794133007526397705078125 -0.01036582887172698974609375 

0.0011922442354261875152587890625 0.067691802978515625 0.0487785823643207550048828125 0.01606502942740917205810546875 0.0210751630365848541259765625 
0.0402424745261669158935546875 0.017561115324497222900390625 -0.0116584636270999908447265625 -0.011486716568470001220703125 -0.0162111259996891021728515625 
-0.01387884281575679779052734375 -0.0436488948762416839599609375 -0.015731312334537506103515625 -0.0183954350650310516357421875 -0.0144836567342281341552734375 
-0.00879384018480777740478515625 -0.02097082696855068206787109375 0.010705185122787952423095703125 0.000269545853370800614356994628906 -0.01705083064734935760498046875 
-0.00297504593618214130401611328125 0.005736651830375194549560546875 0.02402475662529468536376953125 0.01568468473851680755615234375 0.035122573375701904296875 

0.0498207621276378631591796875 0.07118405401706695556640625 0.0577197931706905364990234375 0.019685663282871246337890625 -0.00100941804703325033187866210938 
-0.01438476704061031341552734375 -0.02054143883287906646728515625 0.015590249560773372650146484375 -0.005337326787412166595458984375 -0.024835295975208282470703125 
-0.0024159639142453670501708984375 -0.0211658887565135955810546875 -0.02348073385655879974365234375 -0.0122199393808841705322265625 -0.0187973082065582275390625 
-0.031874485313892364501953125 -0.0445222891867160797119140625 -0.019380696117877960205078125 0.00139830156695097684860229492188 -0.00184436410199850797653198242188 
-0.01834634505212306976318359375 -0.000320924707921221852302551269531 9.50750254560261964797973632812e-05 0.014222332276403903961181640625 0.0165102370083332061767578125 

-0.00288249203003942966461181640625 0.0047165588475763797760009765625 0.000124966638395562767982482910156 -0.01569415442645549774169921875 -0.014393393881618976593017578125 
-0.02646263130009174346923828125 0.0041689495556056499481201171875 0.0475241057574748992919921875 0.0207821428775787353515625 -0.0377803556621074676513671875 
0.0136352069675922393798828125 0.072387404739856719970703125 0.0490750856697559356689453125 -0.022543616592884063720703125 -0.052283741533756256103515625 
0.0292790420353412628173828125 -0.023519881069660186767578125 -0.014745320193469524383544921875 -0.0530853383243083953857421875 -0.0171217359602451324462890625 
-0.05272470414638519287109375 -0.079486168920993804931640625 -0.046104736626148223876953125 -0.013083170168101787567138671875 0.00175722257699817419052124023438 

0.037061609327793121337890625 0.00303057325072586536407470703125 -0.02338716946542263031005859375 -0.0237530954182147979736328125 -0.008454264141619205474853515625 
-0.02376505173742771148681640625 -0.00983001105487346649169921875 -0.011583183892071247100830078125 -0.0367888845503330230712890625 -0.0329236127436161041259765625 
0.02292188815772533416748046875 0.02381394989788532257080078125 -0.0066137337125837802886962890625 -0.020880810916423797607421875 0.000329454254824668169021606445312 
-0.0053518316708505153656005859375 -0.035753309726715087890625 -0.0075108134187757968902587890625 0.00883931107819080352783203125 0.01005457900464534759521484375 
-0.0327324233949184417724609375 -0.01934586279094219207763671875 -0.0011935750953853130340576171875 -0.0031945235095918178558349609375 -0.00157811085227876901626586914062 

0.0044789374805986881256103515625 0.008143983781337738037109375 0.010098353959619998931884765625 0.008375725708901882171630859375 0.00242760567925870418548583984375 
0.009762353263795375823974609375 0.002893970347940921783447265625 0.00194574880879372358322143554688 0.00368531723506748676300048828125 0.00168015423696488142013549804688 
-0.00182055530603975057601928710938 -0.00385371199809014797210693359375 -0.005242054350674152374267578125 -0.00104720320086926221847534179688 -2.71533917839406058192253112793e-05 
0.000610067450907081365585327148438 -0.004170616157352924346923828125 -3.52185488736722618341445922852e-05 -0.006637991406023502349853515625 0.006028016097843647003173828125 
-0.0039865323342382907867431640625 -0.000151366111822426319122314453125 -0.00633214600384235382080078125 0.0032709199003875255584716796875 0.0028200098313391208648681640625 


0.0092747174203395843505859375 0.054201185703277587890625 -0.082720123231410980224609375 -0.0922289788722991943359375 0.0468261539936065673828125 
-0.0095254741609096527099609375 -0.14175434410572052001953125 -0.0840479433536529541015625 0.00621152110397815704345703125 0.00155519344843924045562744140625 
-0.1487251222133636474609375 -0.034777157008647918701171875 0.011225196532905101776123046875 -0.0405303053557872772216796875 -0.116101063787937164306640625 
0.08847169578075408935546875 0.0592201985418796539306640625 -0.0658359229564666748046875 -0.109665386378765106201171875 -0.013549529016017913818359375 
-0.073571525514125823974609375 -0.03453637659549713134765625 -0.02054409682750701904296875 0.0422826968133449554443359375 0.01692949235439300537109375 

0.02884842455387115478515625 0.10608698427677154541015625 0.02835879288613796234130859375 -0.0330588631331920623779296875 0.079293429851531982421875 
0.233622729778289794921875 -0.0104110054671764373779296875 -0.079532451927661895751953125 -0.0554940216243267059326171875 -0.0519972555339336395263671875 
-0.02312373928725719451904296875 -0.2037142813205718994140625 -0.04981021583080291748046875 -0.0229041874408721923828125 -0.07503370940685272216796875 
-0.08067643642425537109375 -0.071197651326656341552734375 0.0564808361232280731201171875 0.063872642815113067626953125 0.00839997641742229461669921875 
0.02193506620824337005615234375 0.09543795883655548095703125 0.063220568001270294189453125 0.0466324128210544586181640625 -0.015557532198727130889892578125 

0.068265028297901153564453125 0.084982462227344512939453125 0.073404274880886077880859375 0.00286615430377423763275146484375 -0.057511799037456512451171875 
0.0517966486513614654541015625 0.0521861203014850616455078125 0.064674772322177886962890625 -0.097667276859283447265625 -0.076821126043796539306640625 
0.12486708164215087890625 -0.1474333107471466064453125 -0.08121860027313232421875 0.014498607255518436431884765625 -0.01570132561028003692626953125 
-0.1010834276676177978515625 0.0081461779773235321044921875 0.077889539301395416259765625 0.0568238161504268646240234375 -0.011960615403950214385986328125 
0.02385570295155048370361328125 0.074410490691661834716796875 0.02091461233794689178466796875 -0.000791440310422331094741821289062 0.000745686353184282779693603515625 

-0.033497609198093414306640625 -0.13365937769412994384765625 0.0565318875014781951904296875 0.043568782508373260498046875 -0.0323641188442707061767578125 
-0.21804587543010711669921875 0.11261643469333648681640625 0.277258574962615966796875 -0.0368775166571140289306640625 -0.11180031299591064453125 
0.081327088177204132080078125 0.25961410999298095703125 -0.012722219340503215789794921875 -0.15152640640735626220703125 -0.0550153590738773345947265625 
0.1235068738460540771484375 -0.14835242927074432373046875 -0.11124913394451141357421875 -0.05822746455669403076171875 0.0066695814020931720733642578125 
-0.14959938824176788330078125 -0.1660070121288299560546875 -0.01830251514911651611328125 0.02015551738440990447998046875 -0.0322316847741603851318359375 

0.0064426851458847522735595703125 0.0133787579834461212158203125 0.068259246647357940673828125 0.022367306053638458251953125 -0.01580810546875 
-0.0558567158877849578857421875 0.18220524489879608154296875 0.07511694729328155517578125 -0.087638378143310546875 -0.0137443244457244873046875 
0.18484561145305633544921875 0.116028957068920135498046875 -0.043602459132671356201171875 0.02672768943011760711669921875 0.061628408730030059814453125 
-0.0288898982107639312744140625 -0.036983549594879150390625 0.0624806098639965057373046875 0.0365543402731418609619140625 -0.02080524526536464691162109375 
-0.056513406336307525634765625 0.021876834332942962646484375 0.02084674127399921417236328125 -0.008797985501587390899658203125 -0.014990760944783687591552734375 

0.02273710258305072784423828125 0.02801529876887798309326171875 0.00150317302905023097991943359375 0.004251033999025821685791015625 -0.007586590945720672607421875 
0.00206206156872212886810302734375 -0.0048807077109813690185546875 0.00837127864360809326171875 -0.010926888324320316314697265625 -0.0018617496825754642486572265625 
-0.008691984228789806365966796875 -0.02352344430983066558837890625 -0.01784080825746059417724609375 -0.009070041589438915252685546875 -0.0099942348897457122802734375 
-0.01301872730255126953125 -0.0032681780867278575897216796875 0.00377751118503510951995849609375 0.000333875999785959720611572265625 0.00284459884278476238250732421875 
-0.0047476296313107013702392578125 0.007198639214038848876953125 -0.00645597465336322784423828125 0.00199135206639766693115234375 -0.00162705464754253625869750976562 


-0.073207952082157135009765625 -0.0410036183893680572509765625 0.02514441497623920440673828125 -0.0362086780369281768798828125 -0.09567762911319732666015625 
0.2078673839569091796875 0.09687268733978271484375 0.005717002786695957183837890625 -0.066613972187042236328125 -0.0480907149612903594970703125 
0.1862199306488037109375 0.083551548421382904052734375 -0.07141615450382232666015625 0.01696400344371795654296875 0.18110896646976470947265625 
-0.041279844939708709716796875 -0.0687185227870941162109375 -0.06623889505863189697265625 -0.0365718305110931396484375 0.0339175276458263397216796875 
-0.04705549776554107666015625 0.0529600083827972412109375 0.011769727803766727447509765625 -0.0520985238254070281982421875 -0.0319239459931850433349609375 

-0.071028523147106170654296875 -0.0246354900300502777099609375 0.051664136350154876708984375 -0.01977462507784366607666015625 0.02382536791265010833740234375 
0.10115109384059906005859375 -0.0406295955181121826171875 -0.1136786937713623046875 -0.069813430309295654296875 0.066355921328067779541015625 
0.01711276732385158538818359375 -0.035464935004711151123046875 -0.109071217477321624755859375 -0.04903809726238250732421875 -0.0458239056169986724853515625 
0.0855679810047149658203125 -0.0483500100672245025634765625 -0.1433320939540863037109375 -0.07475554943084716796875 -0.117981664836406707763671875 
0.0403622426092624664306640625 0.242700517177581787109375 0.2421905696392059326171875 0.22947974503040313720703125 0.203392565250396728515625 

0.06639911234378814697265625 0.0208548940718173980712890625 -0.071617357432842254638671875 -0.0569531954824924468994140625 0.071321971714496612548828125 
-0.005576425231993198394775390625 -0.112606577575206756591796875 -0.100248210132122039794921875 -0.02106324397027492523193359375 0.0838262736797332763671875 
-0.156424105167388916015625 -0.149062097072601318359375 -0.1566785871982574462890625 -0.14615173637866973876953125 -0.16972196102142333984375 
-0.00186867348384112119674682617188 -0.018311820924282073974609375 -0.087991289794445037841796875 -0.0337086729705333709716796875 0.00255797267891466617584228515625 
0.0365737937390804290771484375 0.2059924602508544921875 0.1576172411441802978515625 0.18161714076995849609375 0.23931179940700531005859375 

0.197071731090545654296875 0.2514432370662689208984375 0.071758806705474853515625 -0.13828606903553009033203125 0.00311992131173610687255859375 
0.21748389303684234619140625 0.18967135250568389892578125 -0.16082133352756500244140625 -0.101667128503322601318359375 0.13260753452777862548828125 
-0.1340524256229400634765625 -0.284385621547698974609375 -0.2819512188434600830078125 -0.1552982628345489501953125 -0.08698618412017822265625 
-0.3010460436344146728515625 -0.2566735446453094482421875 -0.21840584278106689453125 -0.2362577617168426513671875 -0.2524604499340057373046875 
-0.01791970245540142059326171875 0.0550156794488430023193359375 -0.00264237192459404468536376953125 -0.0501048266887664794921875 -0.0425442047417163848876953125 

-0.05046029388904571533203125 0.0228625796735286712646484375 -0.0901138782501220703125 -0.1166923940181732177734375 0.009228299371898174285888671875 
-0.0293517075479030609130859375 -0.044059805572032928466796875 -0.02817147783935070037841796875 0.01360567845404148101806640625 0.02427344955503940582275390625 
-0.029398865997791290283203125 0.00278317532502114772796630859375 -0.0282141454517841339111328125 -0.08849106729030609130859375 -0.095489762723445892333984375 
-0.032574497163295745849609375 0.004165052436292171478271484375 0.0262103267014026641845703125 -0.01109177060425281524658203125 -0.01322905533015727996826171875 
0.104038774967193603515625 0.073080055415630340576171875 0.0866444110870361328125 0.02447090856730937957763671875 0.068594455718994140625 

0.0082387812435626983642578125 -0.007855902425944805145263671875 -0.008520948700606822967529296875 -0.000476689659990370273590087890625 -0.00252031185664236545562744140625 
-0.0058020539581775665283203125 -0.01561068184673786163330078125 -0.00217356043867766857147216796875 -0.013337932527065277099609375 -0.000869758718181401491165161132812 
-0.007603964768350124359130859375 -0.0085321404039859771728515625 -0.009623036719858646392822265625 -0.009216462261974811553955078125 -0.00146605528425425291061401367188 
0.006343412213027477264404296875 0.011258688755333423614501953125 -0.005990902893245220184326171875 -0.000371586676919832825660705566406 0.00427666120231151580810546875 
-0.005818891339004039764404296875 0.015447664074599742889404296875 0.02707345224916934967041015625 0.0392089001834392547607421875 0.0342743694782257080078125 


-0.0448627807199954986572265625 0.0810001790523529052734375 0.06732545793056488037109375 -0.074112258851528167724609375 -0.21490497887134552001953125 
-0.0515250377357006072998046875 0.0185733847320079803466796875 -0.1392095983028411865234375 -0.06837259232997894287109375 0.018557630479335784912109375 
-0.19100518524646759033203125 -0.197525799274444580078125 -0.039366655051708221435546875 0.18107576668262481689453125 -0.0182776749134063720703125 
0.0034013879485428333282470703125 0.14307892322540283203125 0.05929084122180938720703125 0.0588988922536373138427734375 -0.097296886146068572998046875 
0.038210608065128326416015625 0.0560319609940052032470703125 -0.05575592815876007080078125 -0.07946717739105224609375 -0.0496301352977752685546875 

0.02717809565365314483642578125 0.057882435619831085205078125 0.15039496123790740966796875 0.098130337893962860107421875 0.074109025299549102783203125 
0.008231236599385738372802734375 -0.02463093586266040802001953125 0.040440224111080169677734375 -0.12373511493206024169921875 -0.089895665645599365234375 
0.108424939215183258056640625 -0.093616418540477752685546875 -0.262190282344818115234375 -0.13079647719860076904296875 0.059473097324371337890625 
0.000299157429253682494163513183594 -0.03101070038974285125732421875 0.015353287570178508758544921875 0.007729525677859783172607421875 0.012670814990997314453125 
-0.0359002314507961273193359375 0.08528976142406463623046875 0.12867088615894317626953125 0.07751978933811187744140625 -0.095460943877696990966796875 

0.081401169300079345703125 0.05951060354709625244140625 0.0073956721462309360504150390625 0.01895780302584171295166015625 0.137246668338775634765625 
-0.029726423323154449462890625 0.014371250756084918975830078125 0.073469273746013641357421875 -0.01756044663488864898681640625 -0.186468899250030517578125 
0.0456963218748569488525390625 0.134118616580963134765625 -0.0915720462799072265625 -0.187128543853759765625 -0.07618381083011627197265625 
-0.014462123624980449676513671875 -0.200106441974639892578125 -0.17435361444950103759765625 -0.06774578988552093505859375 -0.066551454365253448486328125 
0.0109973512589931488037109375 0.15943920612335205078125 0.11494310200214385986328125 0.043324567377567291259765625 -0.0941519439220428466796875 

0.004473106004297733306884765625 -0.1356685459613800048828125 -0.1706835329532623291015625 -0.03460092842578887939453125 0.1023468673229217529296875 
0.0210634581744670867919921875 -0.29887592792510986328125 0.114555180072784423828125 0.28667581081390380859375 0.15003050863742828369140625 
-0.10315011441707611083984375 0.15374021232128143310546875 0.3731430470943450927734375 0.07303430140018463134765625 -0.12939383089542388916015625 
-0.004661031067371368408203125 0.1350626647472381591796875 -0.03899382054805755615234375 -0.2708109319210052490234375 -0.06602551043033599853515625 
-0.1367609798908233642578125 -0.1311622560024261474609375 -0.10215653479099273681640625 -0.15316213667392730712890625 0.01285941712558269500732421875 

0.0132398419082164764404296875 -0.0065572294406592845916748046875 -0.1196044981479644775390625 -0.033297456800937652587890625 -0.01773121394217014312744140625 
-0.065709777176380157470703125 -0.02387063018977642059326171875 0.240892469882965087890625 0.116055011749267578125 -0.16366882622241973876953125 
-0.10976879298686981201171875 0.1568934023380279541015625 0.170077860355377197265625 -0.0545833818614482879638671875 -0.0862939059734344482421875 
-0.0911990106105804443359375 -0.074463136494159698486328125 -0.1738242208957672119140625 -0.0405006296932697296142578125 -0.000586903828661888837814331054688 
-0.057753540575504302978515625 -0.000865280337166041135787963867188 0.0357679165899753570556640625 -0.0018170760013163089752197265625 -0.01124230958521366119384765625 

0.010630972683429718017578125 0.02678446285426616668701171875 0.0303199291229248046875 0.009840470738708972930908203125 0.00189011648762971162796020507812 
0.010684843175113201141357421875 -0.0051221433095633983612060546875 -0.0189827978610992431640625 -0.008950931020081043243408203125 -0.01819126866757869720458984375 
0.0066759628243744373321533203125 -0.0104984603822231292724609375 -0.02414658479392528533935546875 -0.01199207641184329986572265625 -0.01651547662913799285888671875 
-0.01518984325230121612548828125 -0.02288854308426380157470703125 -0.0165564306080341339111328125 -0.0193299539387226104736328125 -0.01985784061253070831298828125 
0.02167352102696895599365234375 0.01838177256286144256591796875 0.007534979842603206634521484375 0.0066015371121466159820556640625 -0.0053349896334111690521240234375 


-0.17305718362331390380859375 -0.09314201772212982177734375 -0.139789760112762451171875 -0.031826414167881011962890625 -0.02685683779418468475341796875 
-0.02540867030620574951171875 -0.1379835605621337890625 -0.18792559206485748291015625 -0.246774971485137939453125 -0.20720152556896209716796875 
0.19878304004669189453125 0.091431893408298492431640625 0.09659518301486968994140625 0.0648326873779296875 -0.12812186777591705322265625 
-0.1556603610515594482421875 -0.014483331702649593353271484375 0.12682555615901947021484375 0.16753518581390380859375 0.184696137905120849609375 
0.03587596118450164794921875 0.0669794976711273193359375 0.004817306064069271087646484375 0.02659288235008716583251953125 0.07335065305233001708984375 

0.02443270385265350341796875 -0.10492880642414093017578125 -0.120746858417987823486328125 -0.1717903316020965576171875 0.079095833003520965576171875 
0.02049688436090946197509765625 -0.18217861652374267578125 -0.066206745803356170654296875 0.2430851459503173828125 -0.011458662338554859161376953125 
0.15348757803440093994140625 0.035337068140506744384765625 0.395252227783203125 0.0345940887928009033203125 0.1838026940822601318359375 
-0.05067382752895355224609375 0.01813333667814731597900390625 0.2710964381694793701171875 0.14496910572052001953125 0.16648067533969879150390625 
0.1186874806880950927734375 -0.091232843697071075439453125 -0.17265267670154571533203125 -0.2822363674640655517578125 -0.4054884016513824462890625 

0.02923574857413768768310546875 0.050264067947864532470703125 0.090236373245716094970703125 -0.1597152650356292724609375 -0.1289665699005126953125 
0.12344993650913238525390625 0.17093043029308319091796875 0.02174671553075313568115234375 0.14415623247623443603515625 -0.025340221822261810302734375 
-0.0172735638916492462158203125 -0.000963483820669353008270263671875 0.17998106777667999267578125 0.0930739343166351318359375 0.32623279094696044921875 
-0.18764327466487884521484375 -0.18292091786861419677734375 -0.0192748643457889556884765625 -0.087235443294048309326171875 0.114225409924983978271484375 
-0.12720756232738494873046875 -0.14651788771152496337890625 -0.077437080442905426025390625 -0.07155962288379669189453125 -0.0353943295776844024658203125 

0.04722583293914794921875 -0.13363017141819000244140625 -0.046362034976482391357421875 -0.118661604821681976318359375 -0.22613601386547088623046875 
-0.0575107634067535400390625 0.0251408033072948455810546875 0.0032271635718643665313720703125 -0.1390088498592376708984375 -0.100763238966464996337890625 
0.02604937739670276641845703125 0.118159525096416473388671875 0.0596174858510494232177734375 -0.00122379348613321781158447265625 0.2511079013347625732421875 
-0.103345520794391632080078125 -0.1344967186450958251953125 -0.2732117474079132080078125 -0.17259536683559417724609375 0.02761246822774410247802734375 
0.0573098547756671905517578125 -0.332092821598052978515625 -0.111455760896205902099609375 0.0321676395833492279052734375 -0.120950043201446533203125 

0.0557584352791309356689453125 0.077028997242450714111328125 0.2325608432292938232421875 0.17755357921123504638671875 -0.0232661701738834381103515625 
-0.040286041796207427978515625 0.03659482300281524658203125 0.02145543508231639862060546875 -0.0650272369384765625 0.01553849689662456512451171875 
-0.0039859819225966930389404296875 -0.07489536702632904052734375 -0.16589915752410888671875 -0.084669969975948333740234375 -0.09967084228992462158203125 
-0.095398224890232086181640625 -0.16247905790805816650390625 -0.12807135283946990966796875 -0.12718568742275238037109375 -0.095527030527591705322265625 
-0.0859071314334869384765625 -0.12287472188472747802734375 0.10001371800899505615234375 0.103749074041843414306640625 0.17570142447948455810546875 

-0.0037989108823239803314208984375 -0.00702506862580776214599609375 0.01500140316784381866455078125 0.008696771226823329925537109375 0.00353817618452012538909912109375 
0.0102556161582469940185546875 0.013904214836657047271728515625 0.0224567316472530364990234375 0.068552710115909576416015625 0.0450278818607330322265625 
0.0025040893815457820892333984375 0.0201258994638919830322265625 0.01598934642970561981201171875 -0.01442222483456134796142578125 -0.013869852758944034576416015625 
0.005297063849866390228271484375 -0.0033547580242156982421875 0.0245942361652851104736328125 0.0329715125262737274169921875 0.04262937605381011962890625 
0.006791639141738414764404296875 0.000442239135736599564552307128906 0.004603085108101367950439453125 0.00788247399032115936279296875 0.010901174508035182952880859375 


0.0162316970527172088623046875 0.02094169519841670989990234375 0.00144579075276851654052734375 -0.01526563428342342376708984375 -0.010481654666364192962646484375 
0.004071314819157123565673828125 -0.008661870844662189483642578125 -0.010476066730916500091552734375 0.008741932921111583709716796875 0.0355547405779361724853515625 
0.002201403491199016571044921875 -0.007790007628500461578369140625 -0.0266186781227588653564453125 0.02195419184863567352294921875 0.0488089658319950103759765625 
0.0046372939832508563995361328125 -0.01840658299624919891357421875 -0.03121061623096466064453125 -0.0349496789276599884033203125 -0.0171223171055316925048828125 
-0.0175617597997188568115234375 -0.01313917152583599090576171875 -0.0050785751082003116607666015625 0.0045230896212160587310791015625 -0.02269752137362957000732421875 

-0.004183045588433742523193359375 -0.013593132607638835906982421875 -0.00866619683802127838134765625 -0.012598023749887943267822265625 -0.01705233566462993621826171875 
-0.000670364184770733118057250976562 -0.009007279761135578155517578125 -0.000257072621025145053863525390625 0.007790927775204181671142578125 0.011923122219741344451904296875 
0.0208097659051418304443359375 -0.014867302961647510528564453125 -0.02710147760808467864990234375 -0.02494324743747711181640625 0.0154524855315685272216796875 
0.0537228472530841827392578125 0.071633040904998779296875 0.0603206790983676910400390625 0.02848992310464382171630859375 -0.02576933242380619049072265625 
0.00135934550780802965164184570312 0.044312141835689544677734375 0.059972979128360748291015625 0.08229981362819671630859375 0.062768407166004180908203125 

-0.039609767496585845947265625 -0.0343833453953266143798828125 -0.020023517310619354248046875 0.00271266861818730831146240234375 0.0237491391599178314208984375 
-0.02261816896498203277587890625 -0.0418858826160430908203125 -0.057458736002445220947265625 -0.0313813872635364532470703125 -0.0048386934213340282440185546875 
0.02680789865553379058837890625 -0.000914608011953532695770263671875 -0.0391513220965862274169921875 -0.0505731292068958282470703125 -0.0333731882274150848388671875 
0.0394388847053050994873046875 0.050141401588916778564453125 0.0626192390918731689453125 0.030452907085418701171875 -0.0244177244603633880615234375 
0.01081314124166965484619140625 0.040880978107452392578125 0.0568370930850505828857421875 0.059244923293590545654296875 0.052787385880947113037109375 

0.007554288022220134735107421875 -0.0444796048104763031005859375 -0.0392834953963756561279296875 -0.01351287029683589935302734375 0.03837804496288299560546875 
-0.0413818657398223876953125 -0.094443030655384063720703125 -0.068715460598468780517578125 -0.0348242111504077911376953125 0.035144649446010589599609375 
-0.035374976694583892822265625 -0.0624400563538074493408203125 -0.07327640056610107421875 -0.081131093204021453857421875 -0.0375526286661624908447265625 
-0.02265630103647708892822265625 -0.000808026583399623632431030273438 -0.027215428650379180908203125 -0.0415956713259220123291015625 -0.036895997822284698486328125 
0.0050682039000093936920166015625 0.036698929965496063232421875 0.0425134338438510894775390625 0.03336302936077117919921875 0.01308570615947246551513671875 

-0.01866086013615131378173828125 -0.02904792129993438720703125 -0.01311385817825794219970703125 0.00985765643417835235595703125 0.0434270389378070831298828125 
-0.01896213926374912261962890625 -0.01970935054123401641845703125 -0.031740881502628326416015625 -0.0268674828112125396728515625 -0.0086191631853580474853515625 
-0.01178811490535736083984375 0.000403565500164404511451721191406 -0.01511370949447154998779296875 -0.02418278716504573822021484375 -0.0243049897253513336181640625 
-0.0045105959288775920867919921875 0.01176163740456104278564453125 0.0041376524604856967926025390625 0.01904503814876079559326171875 -0.0074937515892088413238525390625 
-0.01085129193961620330810546875 0.0023904554545879364013671875 0.013227482326328754425048828125 -0.011131153441965579986572265625 -0.01704277284443378448486328125 

-0.008045908994972705841064453125 0.000301843363558873534202575683594 -0.0044834916479885578155517578125 -0.0066698533482849597930908203125 0.000383610778953880071640014648438 
-0.0048568029887974262237548828125 -0.007990361191332340240478515625 -0.006839758716523647308349609375 0.00181015837006270885467529296875 0.000157054237206466495990753173828 
0.0021009580232203006744384765625 0.000849061994813382625579833984375 -0.0064203147776424884796142578125 0.000239088738453574478626251220703 -0.007907382212579250335693359375 
0.002495850436389446258544921875 0.011298784054815769195556640625 0.00207402720116078853607177734375 0.00248491950333118438720703125 0.0069020311348140239715576171875 
-0.002551787532866001129150390625 -0.00238767103292047977447509765625 0.00983923859894275665283203125 0.01007783226668834686279296875 0.0104239843785762786865234375 


-0.062740214169025421142578125 -0.050201237201690673828125 -0.038811407983303070068359375 -0.087518341839313507080078125 -0.1088390052318572998046875 
-0.091933257877826690673828125 -0.117114961147308349609375 -0.13364784419536590576171875 -0.0424869619309902191162109375 0.15008799731731414794921875 
-0.0693146288394927978515625 -0.101853944361209869384765625 -0.14911065995693206787109375 -0.0322925858199596405029296875 0.07746200263500213623046875 
-0.056604437530040740966796875 -0.1177444756031036376953125 -0.10260643064975738525390625 -0.03116020746529102325439453125 0.02684764377772808074951171875 
-0.046464778482913970947265625 -0.040797173976898193359375 -0.006031535565853118896484375 0.0594012998044490814208984375 0.059812657535076141357421875 

-0.09058105945587158203125 -0.14623318612575531005859375 -0.07409889996051788330078125 -0.02711394615471363067626953125 0.0623270161449909210205078125 
-0.02665290795266628265380859375 -0.112003065645694732666015625 -0.063404567539691925048828125 -0.061733968555927276611328125 0.000202793016796931624412536621094 
-0.09689076244831085205078125 -0.12635697424411773681640625 -0.083923757076263427734375 -0.1827191412448883056640625 -0.02191161550581455230712890625 
-0.021588854491710662841796875 -0.137889921665191650390625 -0.09475122392177581787109375 -0.1311228275299072265625 -0.022607982158660888671875 
-0.05533127486705780029296875 -0.1717624664306640625 -0.0392182059586048126220703125 0.03066200949251651763916015625 -0.079497836530208587646484375 

-0.073786340653896331787109375 -0.120097003877162933349609375 -0.095100037753582000732421875 -0.013676621019840240478515625 0.04941795766353607177734375 
-0.0573911964893341064453125 -0.074717901647090911865234375 0.0564304105937480926513671875 0.10208301246166229248046875 -0.020534805953502655029296875 
-0.072386138141155242919921875 -0.089370153844356536865234375 0.01312750764191150665283203125 -0.0228509195148944854736328125 -0.0339285023510456085205078125 
0.0111756138503551483154296875 -0.068608589470386505126953125 -0.053429849445819854736328125 -0.0643305480480194091796875 -0.077796585857868194580078125 
0.063759274780750274658203125 -0.0622727610170841217041015625 0.09847609698772430419921875 0.1115615069866180419921875 -0.118279032409191131591796875 

-0.0289599895477294921875 -0.18797789514064788818359375 -0.195533573627471923828125 -0.0619936771690845489501953125 -0.013390953652560710906982421875 
0.016156099736690521240234375 -0.2499810755252838134765625 -0.011660038493573665618896484375 0.2784895002841949462890625 0.01649551093578338623046875 
-0.02791276387870311737060546875 -0.1761495769023895263671875 0.3584479391574859619140625 0.251649558544158935546875 -0.2965783178806304931640625 
-0.10479097068309783935546875 -0.0561552383005619049072265625 0.400560796260833740234375 -0.0791097581386566162109375 -0.3488530218601226806640625 
-0.017014868557453155517578125 0.0856846868991851806640625 0.18954323232173919677734375 -0.24219773709774017333984375 -0.23226834833621978759765625 

-0.0181601755321025848388671875 -0.06043674051761627197265625 -0.0494859926402568817138671875 0.01134490035474300384521484375 0.0075381961651146411895751953125 
-0.04471634328365325927734375 -0.0464143492281436920166015625 0.1173989474773406982421875 0.13212001323699951171875 0.0103835053741931915283203125 
-0.053215391933917999267578125 -0.03118667565286159515380859375 0.1464408934116363525390625 0.01852312125265598297119140625 -0.048053853213787078857421875 
-0.0052191824652254581451416015625 0.08133928477764129638671875 0.06201870739459991455078125 -0.12214212119579315185546875 0.0226934663951396942138671875 
0.0452762655913829803466796875 0.044917784631252288818359375 -0.0145880989730358123779296875 -0.02420692332088947296142578125 0.07628901302814483642578125 

0.00184804736636579036712646484375 -0.0096471793949604034423828125 -0.01653350330889225006103515625 -0.0066334852017462253570556640625 -0.0056981942616403102874755859375 
-0.00493795610964298248291015625 -0.0018140259198844432830810546875 -0.0047840229235589504241943359375 0.012441388331353664398193359375 0.0102657638490200042724609375 
-0.00297952839173376560211181640625 -0.01986143551766872406005859375 -0.034831337630748748779296875 -0.0066175977699458599090576171875 0.00064793624915182590484619140625 
0.0039508673362433910369873046875 -0.00902889110147953033447265625 -0.033370919525623321533203125 -0.00730039179325103759765625 -0.014469754882156848907470703125 
0.009777893312275409698486328125 -0.0057806931436061859130859375 -0.00526161678135395050048828125 0.014274819754064083099365234375 0.00857307203114032745361328125 


-0.02923469245433807373046875 0.0178663097321987152099609375 -0.0028661913238465785980224609375 -0.1654760539531707763671875 -0.1598591506481170654296875 
-0.013996052555739879608154296875 0.0579033084213733673095703125 0.15678153932094573974609375 -0.02535458467900753021240234375 -0.2543389797210693359375 
0.082676790654659271240234375 0.08350057899951934814453125 0.014543267898261547088623046875 -0.11436922848224639892578125 -0.18781094253063201904296875 
0.059560321271419525146484375 -0.006061318330466747283935546875 -0.1365406513214111328125 0.00182849238626658916473388671875 0.112785689532756805419921875 
0.00307386065833270549774169921875 -0.03111865930259227752685546875 -0.1080841720104217529296875 -0.08939547836780548095703125 0.109098546206951141357421875 

-0.125390946865081787109375 -0.1661209762096405029296875 -0.046374924480915069580078125 -0.0565145947039127349853515625 -0.121485173702239990234375 
0.034877292811870574951171875 -0.012570756487548351287841796875 -0.090691901743412017822265625 0.1036943495273590087890625 0.0848636329174041748046875 
-0.00176278315484523773193359375 -0.01642523705959320068359375 -0.16793151199817657470703125 -0.01350978203117847442626953125 0.3879418671131134033203125 
0.0491583906114101409912109375 -0.01396055705845355987548828125 -0.15391504764556884765625 -0.117989070713520050048828125 0.35043060779571533203125 
0.1352365016937255859375 0.099749691784381866455078125 -0.071392960846424102783203125 -0.22643916308879852294921875 -0.25509703159332275390625 

-0.074381254613399505615234375 -0.0482264347374439239501953125 0.021229200065135955810546875 0.0831706523895263671875 0.08033035695552825927734375 
-0.0191095806658267974853515625 -0.0651595592498779296875 -0.21953023970127105712890625 -0.00177067308686673641204833984375 0.140699088573455810546875 
-0.0416223220527172088623046875 -0.1082378327846527099609375 -0.2551970183849334716796875 -0.1012026369571685791015625 0.3031851947307586669921875 
0.0883843004703521728515625 0.038267903029918670654296875 -0.11541426181793212890625 -0.21579639613628387451171875 0.0501833595335483551025390625 
0.20183964073657989501953125 0.22303391993045806884765625 0.10236971080303192138671875 -0.097125805914402008056640625 -0.20847691595554351806640625 

-0.1167929470539093017578125 -0.020507104694843292236328125 0.05931760370731353759765625 0.15886481106281280517578125 0.080326996743679046630859375 
-0.054607860743999481201171875 -0.011564268730580806732177734375 -0.0833838880062103271484375 0.0953601300716400146484375 0.1614600718021392822265625 
-0.05357332527637481689453125 -0.18091712892055511474609375 -0.3722944557666778564453125 0.058047227561473846435546875 0.15855200588703155517578125 
-0.0624805875122547149658203125 -0.18840618431568145751953125 -0.33636939525604248046875 -0.1649847328662872314453125 0.1479978859424591064453125 
0.15592499077320098876953125 0.2053352296352386474609375 0.0029560183174908161163330078125 -0.1939692795276641845703125 -0.0396553389728069305419921875 

-0.0053062015213072299957275390625 0.04215808212757110595703125 0.0364916063845157623291015625 -0.004458759911358356475830078125 0.042072825133800506591796875 
0.000674764683935791254043579101562 -0.0363667942583560943603515625 -0.09315998852252960205078125 -0.045083701610565185546875 -0.15448789298534393310546875 
-0.0253347456455230712890625 -0.081768803298473358154296875 -0.089907057583332061767578125 -0.0614295490086078643798828125 -0.1440113484859466552734375 
0.033568702638149261474609375 0.00210146768949925899505615234375 -0.015448427759110927581787109375 -0.012575124390423297882080078125 -0.14002096652984619140625 
0.02246690727770328521728515625 0.095738358795642852783203125 0.077098660171031951904296875 0.067710936069488525390625 -0.015461594797670841217041015625 

-0.000665694067720323801040649414062 -0.01275650225579738616943359375 -0.0050315349362790584564208984375 -0.0043703378178179264068603515625 -0.004598991014063358306884765625 
-0.0066829524002969264984130859375 -0.00426071323454380035400390625 -0.01827010698616504669189453125 -0.017028905451297760009765625 -0.01106044463813304901123046875 
0.006105548702180385589599609375 0.00139840634074062108993530273438 -0.02177654206752777099609375 -0.02203705720603466033935546875 -0.0075219548307359218597412109375 
0.024415917694568634033203125 0.0081588812172412872314453125 0.00380945764482021331787109375 -0.0077403835020959377288818359375 -0.014117022044956684112548828125 
0.01910786516964435577392578125 0.01105582900345325469970703125 0.0040311156772077083587646484375 -0.006163709796965122222900390625 -0.006749930791556835174560546875 


-0.24548773467540740966796875 0.005745084024965763092041015625 0.02404834330081939697265625 -0.16017229855060577392578125 -0.110083170235157012939453125 
-0.19708080589771270751953125 -0.17272664606571197509765625 -0.130201756954193115234375 -0.0854753553867340087890625 0.0212866775691509246826171875 
-0.052175819873809814453125 -0.086718998849391937255859375 0.07789187133312225341796875 0.3244955241680145263671875 0.25177872180938720703125 
0.24444140493869781494140625 0.311898708343505859375 0.270210325717926025390625 0.018171660602092742919921875 -0.4192496240139007568359375 
-0.13814835250377655029296875 -0.1029126942157745361328125 -0.2233522832393646240234375 -0.174545705318450927734375 0.19052006304264068603515625 

-0.080706708133220672607421875 -0.00143502210266888141632080078125 -0.0038392432034015655517578125 0.1055899560451507568359375 -0.06776766479015350341796875 
-0.0066473223268985748291015625 0.052124179899692535400390625 -0.063388593494892120361328125 -0.0592834539711475372314453125 0.01313304714858531951904296875 
0.101048924028873443603515625 0.13624684512615203857421875 -0.009972316212952136993408203125 -0.0554644651710987091064453125 -0.0957965552806854248046875 
0.3187195360660552978515625 0.215080678462982177734375 0.0039907521568238735198974609375 -0.3654177486896514892578125 -0.317828834056854248046875 
0.02295785956084728240966796875 -0.263258516788482666015625 -0.3217731416225433349609375 -0.21828043460845947265625 0.0386228859424591064453125 

0.064785577356815338134765625 -0.00956557504832744598388671875 -0.0716016590595245361328125 -0.0358071513473987579345703125 0.0569330155849456787109375 
-0.06430859863758087158203125 -0.0523332543671131134033203125 0.01893700845539569854736328125 0.0566564612090587615966796875 0.0387826971709728240966796875 
0.2703861296176910400390625 0.2178250253200531005859375 0.0515519790351390838623046875 -0.17757274210453033447265625 -0.22321309149265289306640625 
-0.09714181721210479736328125 -0.2490003108978271484375 -0.3091163933277130126953125 -0.1370561122894287109375 0.14793904125690460205078125 
0.2014220058917999267578125 -0.073111571371555328369140625 -0.1346199512481689453125 -0.0549343414604663848876953125 0.009306601248681545257568359375 

0.1049300134181976318359375 -0.13129015266895294189453125 -0.16018061339855194091796875 -0.0369508601725101470947265625 -0.1397411525249481201171875 
-0.074901334941387176513671875 -0.18329323828220367431640625 0.0401112176477909088134765625 0.4050152599811553955078125 0.2887282669544219970703125 
0.0020034783519804477691650390625 0.077078290283679962158203125 0.3458826541900634765625 0.24042618274688720703125 -0.292732715606689453125 
-0.2392547428607940673828125 -0.281329452991485595703125 -0.2806132733821868896484375 -0.426902830600738525390625 -0.14309208095073699951171875 
-0.17061372101306915283203125 -0.4516330659389495849609375 -0.4637320041656494140625 -0.013946832157671451568603515625 0.20330499112606048583984375 

0.1059428751468658447265625 0.045830644667148590087890625 -0.002014257945120334625244140625 -0.101278342306613922119140625 -0.000964554434176534414291381835938 
-0.15358020365238189697265625 -0.1283816993236541748046875 0.0356000848114490509033203125 0.15187706053256988525390625 0.19747392833232879638671875 
-0.01388612948358058929443359375 -0.009299312718212604522705078125 0.13624139130115509033203125 0.08944563567638397216796875 -0.09885466098785400390625 
-0.14415800571441650390625 -0.123420588672161102294921875 -0.0769446194171905517578125 0.1280191242694854736328125 0.23848490417003631591796875 
0.01776682399213314056396484375 0.0359451062977313995361328125 0.0561554990708827972412109375 0.0519456900656223297119140625 -0.0043349093757569789886474609375 

0.005624105222523212432861328125 0.012847728095948696136474609375 -0.000121849247079808264970779418945 -0.0184619687497615814208984375 -0.0056122601963579654693603515625 
-0.00939687155187129974365234375 -0.0202320702373981475830078125 -0.01043156720697879791259765625 -0.0054223821498453617095947265625 -0.001400089822709560394287109375 
0.0507198609411716461181640625 0.037600219249725341796875 0.01270997524261474609375 -0.011281467974185943603515625 -0.014403031207621097564697265625 
0.0290676392614841461181640625 0.013741098344326019287109375 -0.01099564693868160247802734375 -0.009057351388037204742431640625 -0.00331214931793510913848876953125 
0.0409710668027400970458984375 0.0192055962979793548583984375 0.0021699555218219757080078125 -0.00853146612644195556640625 -0.0034850728698074817657470703125 


-0.0505634434521198272705078125 0.00324454228393733501434326171875 -0.01696122251451015472412109375 -0.0896346569061279296875 -0.20647738873958587646484375 
0.0537764392793178558349609375 0.14641082286834716796875 0.056906171143054962158203125 -0.15378747880458831787109375 0.038377411663532257080078125 
0.16896621882915496826171875 0.073069460690021514892578125 -0.11246468126773834228515625 -0.1873122751712799072265625 -0.0274563468992710113525390625 
0.0539919845759868621826171875 -0.127518832683563232421875 -0.17335240542888641357421875 -0.20116579532623291015625 -0.08754535019397735595703125 
0.12629152834415435791015625 -0.120600588619709014892578125 -0.199687063694000244140625 -0.0432644188404083251953125 0.072966873645782470703125 

-0.055130481719970703125 -0.008285776712000370025634765625 -0.04464457929134368896484375 0.04269395768642425537109375 -0.006904422305524349212646484375 
0.137357652187347412109375 0.123905219137668609619140625 -0.0562541745603084564208984375 -0.17368356883525848388671875 -0.1975870430469512939453125 
0.0189345814287662506103515625 -0.239852964878082275390625 -0.280047476291656494140625 -0.1409895420074462890625 -0.12866826355457305908203125 
0.0653824508190155029296875 -0.24886144697666168212890625 -0.3614629209041595458984375 -0.071929402649402618408203125 -0.013889935798943042755126953125 
0.10425098240375518798828125 -0.15900279581546783447265625 -0.1274482905864715576171875 0.212203562259674072265625 0.100026763975620269775390625 

0.02203725837171077728271484375 0.11532981693744659423828125 0.078460104763507843017578125 0.02410303615033626556396484375 0.0384540818631649017333984375 
0.03150077164173126220703125 -0.094527892768383026123046875 -0.179419994354248046875 -0.0600845329463481903076171875 0.05988590419292449951171875 
-0.02664376981556415557861328125 -0.30866563320159912109375 -0.18243844807147979736328125 0.0537283681333065032958984375 -0.0316534526646137237548828125 
0.06452436745166778564453125 -0.1439979374408721923828125 -0.13022993505001068115234375 0.077186740934848785400390625 -0.084335505962371826171875 
0.0373129583895206451416015625 -0.1755950748920440673828125 0.01165491901338100433349609375 0.17275212705135345458984375 0.005223064683377742767333984375 

-0.0432508289813995361328125 -0.047291107475757598876953125 -0.048316948115825653076171875 0.07338322699069976806640625 -0.045391865074634552001953125 
-0.0864379703998565673828125 -0.05925856530666351318359375 -0.16477848589420318603515625 0.23713941872119903564453125 0.22768492996692657470703125 
-0.15726299583911895751953125 -0.29549801349639892578125 -0.12606887519359588623046875 0.809612751007080078125 -0.02243353612720966339111328125 
-0.05332185328006744384765625 -0.24584902822971343994140625 0.22197265923023223876953125 0.3921780884265899658203125 -0.379129946231842041015625 
-0.0320044271647930145263671875 -0.14752821624279022216796875 0.09636585414409637451171875 0.085650436580181121826171875 -0.342919766902923583984375 

-0.088525474071502685546875 -0.00656236149370670318603515625 0.06306700408458709716796875 -0.0328479111194610595703125 -0.10513193905353546142578125 
-0.083531476557254791259765625 0.015447719953954219818115234375 -0.10716862976551055908203125 0.0518752150237560272216796875 0.0556393004953861236572265625 
0.010153704322874546051025390625 -0.094717718660831451416015625 0.1673643887042999267578125 0.106581561267375946044921875 -0.062241099774837493896484375 
0.07784821093082427978515625 0.012845325283706188201904296875 0.089593350887298583984375 -0.08531160652637481689453125 -0.0613243840634822845458984375 
0.065630495548248291015625 0.0222341232001781463623046875 -0.0780189037322998046875 -0.094084672629833221435546875 0.0857841968536376953125 

-0.012630269862711429595947265625 0.006763027049601078033447265625 -0.005436570383608341217041015625 0.0064264149405062198638916015625 0.01469150371849536895751953125 
0.00947592966258525848388671875 -0.0112756751477718353271484375 -0.0121570639312267303466796875 0.006502431817352771759033203125 0.011070235632359981536865234375 
0.008682481013238430023193359375 -0.011534939520061016082763671875 -0.02238045446574687957763671875 -0.0231095850467681884765625 -0.000626139342784881591796875 
0.01916499994695186614990234375 -0.008589061908423900604248046875 -0.050989396870136260986328125 -0.02257545106112957000732421875 -0.02217090129852294921875 
0.01092753373086452484130859375 -0.007132248021662235260009765625 -0.02513315342366695404052734375 0.0046187457628548145294189453125 -0.000732142361812293529510498046875 



-0.0324820317327976226806640625
-0.02280943095684051513671875
-0.177545130252838134765625
-0.092705436050891876220703125
-0.0505379475653171539306640625
-0.17650701105594635009765625
-0.0350031666457653045654296875
-0.1326136291027069091796875
-0.0195159651339054107666015625
-0.15431950986385345458984375
-0.14894028007984161376953125
-0.006657511927187442779541015625
0.064081668853759765625
-0.121980391442775726318359375
-0.0456819497048854827880859375
-0.15972323715686798095703125
