-0.0599313713610172271728515625
0.114173613488674163818359375
0.03097501955926418304443359375
-0.0501970164477825164794921875
0.08415329456329345703125
-0.21122987568378448486328125
0.061804302036762237548828125
-0.28504550457000732421875
0.0197655595839023590087890625
-0.07726384699344635009765625
0.0461379848420619964599609375
0.0601475872099399566650390625
0.009793656878173351287841796875
-0.3233280479907989501953125
-0.2917048633098602294921875
-0.13166598975658416748046875
0.0314260534942150115966796875
-0.0461663901805877685546875
-0.3374393880367279052734375
0.02621553279459476470947265625
-0.01901346258819103240966796875
0.100311554968357086181640625
0.1483738124370574951171875
0.0046872445382177829742431640625
0.12187670171260833740234375
-0.066563822329044342041015625
-0.050168044865131378173828125
-0.3274164497852325439453125
-0.2057526409626007080078125
-0.1592921316623687744140625
-0.0572889558970928192138671875
-0.07223005592823028564453125
0.05340050160884857177734375
0.08592088520526885986328125
0.009932545013725757598876953125
0.085336245596408843994140625
-0.00925214588642120361328125
-0.06143267452716827392578125
-0.01817435212433338165283203125
0.123437367379665374755859375
-0.2949644625186920166015625
0.0274952352046966552734375
-0.075996361672878265380859375
0.312798917293548583984375
-0.115003891289234161376953125
-0.044076703488826751708984375
-0.20690028369426727294921875
0.029682286083698272705078125
0.06822715699672698974609375
-0.223556995391845703125
0.0366292856633663177490234375
-0.3756315708160400390625
-0.18381725251674652099609375
-0.063470713794231414794921875
0.005949568934738636016845703125
-0.0486692301928997039794921875
0.0549848079681396484375
-0.3819825351238250732421875
-0.053912006318569183349609375
0.052310414612293243408203125
0.06244437396526336669921875
0.084403939545154571533203125
-0.1846787929534912109375
-0.131928622722625732421875
0.0189392901957035064697265625
-0.063090078532695770263671875
-0.14240185916423797607421875
0.0457296781241893768310546875
0.041439868509769439697265625
-0.0359710864722728729248046875
-0.0315757654607295989990234375
-0.033780880272388458251953125
0.05953262746334075927734375
0.0406088493764400482177734375
0.00572150759398937225341796875
0.0499535836279392242431640625
-0.00777299702167510986328125
0.1094455420970916748046875
0.011857881210744380950927734375
-0.1057300865650177001953125
-0.010809588246047496795654296875
-0.24002344906330108642578125
-0.0342672057449817657470703125
-0.12966535985469818115234375
0.4743595123291015625
-0.010261054150760173797607421875
0.106625951826572418212890625
0.081419982016086578369140625
-0.106129743158817291259765625
0.011974354274570941925048828125
-0.13592167198657989501953125
-0.3149714171886444091796875
-0.09352876245975494384765625
0.00375305977649986743927001953125
0.277204036712646484375
0.10579307377338409423828125
0.1597146093845367431640625
-0.095967017114162445068359375
0.13667090237140655517578125
-0.031450726091861724853515625
0.118309788405895233154296875
-0.22400514781475067138671875
-0.00971606560051441192626953125
0.15610744059085845947265625
0.08429475128650665283203125
-0.29721510410308837890625
-0.02212332747876644134521484375
-0.2478651106357574462890625
0.23854134976863861083984375
0.01971671916544437408447265625
-0.04493062198162078857421875
-0.1784803569316864013671875
-0.2998927533626556396484375
-0.04212374985218048095703125
0.0449522323906421661376953125
-0.16915450990200042724609375
-0.13596664369106292724609375
0.005906541831791400909423828125
0.099714957177639007568359375
0.0334084220230579376220703125
-0.103546142578125
-0.19012744724750518798828125
-0.032720558345317840576171875
-0.23289038240909576416015625
0.06605546176433563232421875
0.105126373469829559326171875
0.2211187183856964111328125
-0.22757633030414581298828125
-0.069443739950656890869140625
-0.02072643302381038665771484375
-0.0437363423407077789306640625
-0.256542623043060302734375
-0.195080339908599853515625
0.1697900295257568359375
-0.105422556400299072265625
-0.20026667416095733642578125
-0.15076826512813568115234375
-0.327200710773468017578125
0.07336129248142242431640625
6.65819461573846638202667236328e-05
0.130546510219573974609375
0.035575263202190399169921875
-0.090202175080776214599609375
-0.01477007567882537841796875
-0.2824077606201171875
-0.089420862495899200439453125
0.0099092312157154083251953125
-0.0596128143370151519775390625
-0.1215792596340179443359375
0.02058784477412700653076171875
-0.01140665076673030853271484375
0.080465711653232574462890625
-0.324373066425323486328125
0.008285172283649444580078125
-0.080013059079647064208984375
-0.22226388752460479736328125
-0.0512468703091144561767578125
0.0180459655821323394775390625
0.0529211126267910003662109375
-0.317075788974761962890625
0.11105950176715850830078125
-0.0440278016030788421630859375
-0.17662699520587921142578125
0.069898597896099090576171875
-0.002975394017994403839111328125
0.092672526836395263671875
-0.2906151115894317626953125
-0.095275111496448516845703125
0.04265081882476806640625
0.495933949947357177734375
0.16165973246097564697265625
-0.24058692157268524169921875
0.17330180108547210693359375
0.033575512468814849853515625
0.0705988705158233642578125
0.101423211395740509033203125
0.06504361331462860107421875
-0.2722429931163787841796875
-0.184190332889556884765625
-0.124190866947174072265625
-0.101211823523044586181640625
0.0351498909294605255126953125
-0.1967780590057373046875
0.0139727257192134857177734375
0.0566253550350666046142578125
-0.392622649669647216796875
-0.19852779805660247802734375
-0.073955677449703216552734375
0.067981354892253875732421875
-0.0926229953765869140625
-0.27460134029388427734375
-0.0683519840240478515625
-0.16855801641941070556640625
-0.21748591959476470947265625
-0.16380405426025390625
-8.35447281133383512496948242188e-05
-0.01159643195569515228271484375
0.0294885002076625823974609375
-0.570378720760345458984375
-0.143560945987701416015625
-0.006672748364508152008056640625
-0.18687538802623748779296875
-0.107889242470264434814453125
0.0831257402896881103515625
0.1072579920291900634765625
0.15884296596050262451171875
0.07625602185726165771484375
-0.0412516482174396514892578125
-0.02206517569720745086669921875
0.0316150300204753875732421875
0.0714536607265472412109375
0.0040137120522558689117431640625
-0.1508196890354156494140625
-0.2748530209064483642578125
-0.105729795992374420166015625
-0.0112342797219753265380859375
-0.254088580608367919921875
0.0503050126135349273681640625
-0.2918513119220733642578125
0.21203859150409698486328125
-0.099814236164093017578125
-0.0519640184938907623291015625
0.0497982203960418701171875
-0.02999434433877468109130859375
-0.11662216484546661376953125
-0.001606085337698459625244140625
0.10761964321136474609375
-0.2938334047794342041015625
0.0213711746037006378173828125
-0.006483704783022403717041015625
0.01619531400501728057861328125
-0.25913369655609130859375
0.0486523211002349853515625
-0.1408984363079071044921875
0.163039684295654296875
0.101179085671901702880859375
0.0171461999416351318359375
0.00372412614524364471435546875
-0.1689708232879638671875
0.00130036065820604562759399414062
-0.2504684627056121826171875
0.0058056400157511234283447265625
0.0310466997325420379638671875
-0.1687118113040924072265625
-0.06901083886623382568359375
0.0302916802465915679931640625
-0.013090317137539386749267578125
-0.120420850813388824462890625
-0.09787152707576751708984375
-0.1547799408435821533203125
0.005212542600929737091064453125
-0.0351795367896556854248046875
-0.0151772163808345794677734375
-0.536370098590850830078125
0.743228912353515625
-0.039110429584980010986328125
-0.12794959545135498046875
-0.16869749128818511962890625
-0.3571278750896453857421875
-0.110921211540699005126953125
0.061492882668972015380859375
0.0535351298749446868896484375
-0.1272720992565155029296875
-0.010736181400716304779052734375
-0.0443273745477199554443359375
-0.1657622754573822021484375
0.0173493325710296630859375
0.058419205248355865478515625
0.00840953551232814788818359375
-0.034606806933879852294921875
-0.052538685500621795654296875
-0.117500759661197662353515625
-0.053857378661632537841796875
-0.004872838966548442840576171875
0.110161982476711273193359375
0.02800351195037364959716796875
-0.0215355120599269866943359375
0.0631255209445953369140625
-0.29943430423736572265625
-0.007915792055428028106689453125
-0.40834200382232666015625
0.0195071808993816375732421875
0.097809575498104095458984375
-0.089619703590869903564453125
0.081875324249267578125
0.036831758916378021240234375
0.13249647617340087890625
-0.083525054156780242919921875
-0.136112213134765625
-0.309496700763702392578125
0.121474899351596832275390625
-0.2985751926898956298828125
-0.0940941870212554931640625
0.039168111979961395263671875
-0.3064181804656982421875
-0.016534961760044097900390625
-0.067434899508953094482421875
-0.00373909226618707180023193359375
-0.0687061250209808349609375
-0.042311407625675201416015625
0.101410679519176483154296875
-0.22523488104343414306640625
0.064656995236873626708984375
-0.1959396898746490478515625
-0.001968823373317718505859375
-0.124387681484222412109375
-0.084681488573551177978515625
-0.21521924436092376708984375
-0.108809329569339752197265625
-0.367286741733551025390625
-0.01726865209639072418212890625
-0.094800651073455810546875
-0.2119623720645904541015625
-0.4538784027099609375
-0.25203454494476318359375
-0.016146220266819000244140625
-0.01623238436877727508544921875
0.10117860138416290283203125
-0.21848165988922119140625
0.02141810394823551177978515625
0.053057573735713958740234375
-0.04208825528621673583984375
0.00162607827223837375640869140625
-0.070996589958667755126953125
-0.0356092937290668487548828125
-0.0136765353381633758544921875
-0.13955728709697723388671875
0.069438181817531585693359375
-0.4423103630542755126953125
0.02800187654793262481689453125
0.09802787005901336669921875
0.0108802355825901031494140625
0.03000587411224842071533203125
-0.0387291423976421356201171875
0.14600290358066558837890625
0.012254350818693637847900390625
-0.3382795155048370361328125
0.033313222229480743408203125
0.02239079214632511138916015625
0.812229573726654052734375
-0.05377171933650970458984375
0.17980249226093292236328125
0.02519704215228557586669921875
0.008844926021993160247802734375
-0.0005549979396164417266845703125
0.149551451206207275390625
0.11641867458820343017578125
-0.01622383110225200653076171875
0.02135844714939594268798828125
0.01511681079864501953125
0.13054668903350830078125
0.034175030887126922607421875
0.0507307238876819610595703125
-0.0434776432812213897705078125
-0.3959822952747344970703125
0.022142700850963592529296875
0.091797173023223876953125
-0.4878940880298614501953125
-0.1837628781795501708984375
-0.0500188060104846954345703125
0.047882847487926483154296875
0.05906106531620025634765625
-0.078928656876087188720703125
0.0649828016757965087890625
-0.070258744060993194580078125
-0.018408305943012237548828125
-0.08066187798976898193359375
-0.07526099681854248046875
0.0114061534404754638671875
0.11059391498565673828125
-0.0799443721771240234375
-0.068811304867267608642578125
0.0204699374735355377197265625
0.028810203075408935546875
-0.077200479805469512939453125
-0.014289499260485172271728515625
-0.24067656695842742919921875
0.014885789714753627777099609375
-0.3050840198993682861328125
0.049469508230686187744140625
-0.078855820000171661376953125
-0.0324096977710723876953125
-0.03038932383060455322265625
0.102160908281803131103515625
0.07072888314723968505859375
0.0200825296342372894287109375
-0.2685649693012237548828125
-0.093144722282886505126953125
-0.3364489376544952392578125
0.008457231335341930389404296875
-0.22649665176868438720703125
-0.22579406201839447021484375
0.06199221312999725341796875
0.0326647274196147918701171875
-0.047156207263469696044921875
-0.1092993319034576416015625
0.10176622867584228515625
0.057609863579273223876953125
-0.02250218577682971954345703125
-0.2773522436618804931640625
0.006370863877236843109130859375
0.09656603634357452392578125
0.026590876281261444091796875
-0.1486257016658782958984375
-0.1125613152980804443359375
-0.0393016450107097625732421875
0.0373161770403385162353515625
-0.03057948686182498931884765625
-0.0465456955134868621826171875
-0.0347807966172695159912109375
-0.0491454340517520904541015625
-0.043759278953075408935546875
0.08611194789409637451171875
0.1364714205265045166015625
-0.09646029770374298095703125
0.0542667768895626068115234375
-0.672242820262908935546875
-0.19259130954742431640625
-0.0019167098216712474822998046875
-0.12955112755298614501953125
0.075639419257640838623046875
0.13212032616138458251953125
-0.3606200516223907470703125
-0.054338715970516204833984375
0.4713989198207855224609375
0.008355773054063320159912109375
-0.233464181423187255859375
0.1136110126972198486328125
-0.468491077423095703125
0.02638333849608898162841796875
0.04228530824184417724609375
-0.160555422306060791015625
-0.06548376381397247314453125
-0.2040062248706817626953125
-0.01142509095370769500732421875
-0.097213767468929290771484375
-0.0070043555460870265960693359375
0.13968168199062347412109375
-0.0062634400092065334320068359375
-0.25603663921356201171875
-0.0791715681552886962890625
0.01568220369517803192138671875
-0.0630817115306854248046875
-0.07498104870319366455078125
-0.100766249001026153564453125
0.0127224810421466827392578125
-0.01025830395519733428955078125
0.0709879696369171142578125
-0.06948675215244293212890625
-0.399332106113433837890625
-0.2539375722408294677734375
0.076963849365711212158203125
0.00365515914745628833770751953125
0.0167304165661334991455078125
-0.251660883426666259765625
0.096217371523380279541015625
0.076067604124546051025390625
-0.0172670446336269378662109375
0.106645055115222930908203125
0.2233207225799560546875
0.040356867015361785888671875
0.0623132847249507904052734375
0.041567675769329071044921875
-0.4104816615581512451171875
-0.16742266714572906494140625
-0.1043590009212493896484375
0.06722153723239898681640625
-0.05530507862567901611328125
-0.18619669973850250244140625
-0.01815919019281864166259765625
0.084999300539493560791015625
0.08634507656097412109375
0.0046520945616066455841064453125
0.015546643175184726715087890625
0.02720828168094158172607421875
0.046936117112636566162109375
-0.1439928710460662841796875
0.06873412430286407470703125
-0.0899161994457244873046875
-0.0072761164046823978424072265625
-0.1450290977954864501953125
-0.1808444559574127197265625
-0.3134110867977142333984375
0.104306571185588836669921875
-0.01119325123727321624755859375
-0.1562625467777252197265625
-0.06185813248157501220703125
-0.3101854026317596435546875
0.00298960693180561065673828125
-0.005895190872251987457275390625
0.073786564171314239501953125
-0.0207489840686321258544921875
0.034673161804676055908203125
-0.010858639143407344818115234375
-0.162742316722869873046875
-0.090472199022769927978515625
-0.0076574464328587055206298828125
-0.0518431551754474639892578125
0.058498181402683258056640625
-0.026452280580997467041015625
0.0496108531951904296875
-0.01848362199962139129638671875
-0.00321265845559537410736083984375
0.0385389439761638641357421875
0.02055596373975276947021484375
-0.3088851869106292724609375
-0.3009280264377593994140625
0.0343430675566196441650390625
-0.4117264449596405029296875
0.785150587558746337890625
-0.0409264080226421356201171875
-0.26329576969146728515625
-0.1901648044586181640625
0.012550671584904193878173828125
0.0507291853427886962890625
0.07538034021854400634765625
0.078632242977619171142578125
-0.012774144299328327178955078125
-0.13608066737651824951171875
-0.007533540017902851104736328125
-0.061156518757343292236328125
0.0158304274082183837890625
-0.1982801854610443115234375
-0.0510448627173900604248046875
-0.2034843266010284423828125
-0.4217018187046051025390625
-0.2609550058841705322265625
-0.03340162336826324462890625
0.095199279487133026123046875
-0.04812730848789215087890625
0.0024424106813967227935791015625
-0.17626512050628662109375
0.0467341840267181396484375
-0.15015371143817901611328125
0.17329140007495880126953125
0.03977392613887786865234375
0.102966524660587310791015625
-0.544160664081573486328125
-0.02560673654079437255859375
0.123517848551273345947265625
-0.07588122785091400146484375
0.057444103062152862548828125
0.0527428090572357177734375
-0.01643020100891590118408203125
-0.0729734599590301513671875
-0.0350207574665546417236328125
-0.189297139644622802734375
0.091781578958034515380859375
0.06790845096111297607421875
-0.02365995384752750396728515625
-0.3106693923473358154296875
-0.118995733559131622314453125
-0.01660380326211452484130859375
-0.20680688321590423583984375
-0.12995822727680206298828125
-0.06793715059757232666015625
0.080209791660308837890625
0.009811704047024250030517578125
-0.21105842292308807373046875
-0.1841699182987213134765625
0.02805250324308872222900390625
-0.0401338599622249603271484375
0.034345097839832305908203125
0.088492684066295623779296875
-0.12806601822376251220703125
-0.0283672176301479339599609375
0.04108534753322601318359375
-0.14054620265960693359375
-0.2696582376956939697265625
0.035621859133243560791015625
0.044320277869701385498046875
-0.041677393019199371337890625
-0.2975045740604400634765625
-0.044949017465114593505859375
-0.0063255312852561473846435546875
0.014526962302625179290771484375
-0.112447552382946014404296875
0.06198759377002716064453125
-0.081254355609416961669921875
0.0460138730704784393310546875
0.12641088664531707763671875
-0.0945160090923309326171875
-0.3204316198825836181640625
0.102249622344970703125
-0.421935558319091796875
-0.2225067615509033203125
-0.295221507549285888671875
0.102954216301441192626953125
-0.083400927484035491943359375
-0.030792377889156341552734375
0.009163497947156429290771484375
-0.2671845257282257080078125
-0.2363101541996002197265625
0.071841649711132049560546875
0.57816302776336669921875
0.00618675909936428070068359375
-0.458362638950347900390625
0.05675058066844940185546875
-0.00254569016396999359130859375
-0.1480160057544708251953125
-0.24133400619029998779296875
-0.22299160063266754150390625
-0.31298935413360595703125
-0.0057634399272501468658447265625
0.065902233123779296875
0.082090683281421661376953125
0.0799014866352081298828125
0.0132969319820404052734375
-0.21239994466304779052734375
0.008532200939953327178955078125
0.000203975068870931863784790039062
-0.0387762822210788726806640625
-0.280135631561279296875
-0.104224301874637603759765625
0.0382479131221771240234375
-0.00244330428540706634521484375
0.057952620089054107666015625
-0.0076638995669782161712646484375
0.079921387135982513427734375
-0.059145987033843994140625
-0.146808445453643798828125
0.08749221265316009521484375
0.080475427210330963134765625
-0.286070346832275390625
-0.21069218218326568603515625
-0.0485312752425670623779296875
0.0475599579513072967529296875
0.029312551021575927734375
0.02988285012543201446533203125
0.0356392301619052886962890625
0.03338105976581573486328125
-0.02053428255021572113037109375
0.03769011795520782470703125
-0.0367193110287189483642578125
-0.03051920235157012939453125
0.1466940939426422119140625
-0.070774398744106292724609375
-0.12849940359592437744140625
0.087987937033176422119140625
-0.1619510948657989501953125
-0.123104833066463470458984375
-0.0617437027394771575927734375
0.039932310581207275390625
0.078945316374301910400390625
0.00245524942874908447265625
0.05926625430583953857421875
-0.084363408386707305908203125
-0.076566539704799652099609375
-0.097339726984500885009765625
-0.02551314420998096466064453125
0.0452256239950656890869140625
0.106817983090877532958984375
0.0411553569138050079345703125
-0.020610652863979339599609375
0.06875403225421905517578125
-0.572720706462860107421875
-0.07719056308269500732421875
0.0581131838262081146240234375
-0.117118351161479949951171875
-0.055966041982173919677734375
0.02146482281386852264404296875
-0.1449292004108428955078125
-0.50797903537750244140625
0.060075916349887847900390625
-0.0410747230052947998046875
-0.113251864910125732421875
0.16041223704814910888671875
-0.22638584673404693603515625
-0.2522583901882171630859375
-0.0523128770291805267333984375
-0.192532241344451904296875
-0.00389043311588466167449951171875
-0.14491160213947296142578125
0.061616599559783935546875
-0.3981469571590423583984375
0.029856383800506591796875
0.08741700649261474609375
0.10231138765811920166015625
0.094556458294391632080078125
0.76534938812255859375
-0.2144773304462432861328125
-0.3036061227321624755859375
0.026517689228057861328125
0.104912228882312774658203125
0.0845527946949005126953125
0.063436217606067657470703125
-0.085983954370021820068359375
-0.07117255032062530517578125
-0.10701204836368560791015625
-0.221785843372344970703125
-0.05060617625713348388671875
-0.3260445892810821533203125
-0.35407459735870361328125
0.061066590249538421630859375
-0.435244083404541015625
0.08712880313396453857421875
-0.127922475337982177734375
0.011515914462506771087646484375
-0.2727022469043731689453125
0.02160091511905193328857421875
0.00376642984338104724884033203125
-0.106499336659908294677734375
-0.3518045842647552490234375
0.01728021539747714996337890625
-0.352176725864410400390625
-0.07205696403980255126953125
-0.282713353633880615234375
0.009951941668987274169921875
-0.009652609936892986297607421875
-0.13031552731990814208984375
-0.01953705586493015289306640625
-0.14413790404796600341796875
0.05274848639965057373046875
-0.060229606926441192626953125
-0.258200824260711669921875
-0.010907805524766445159912109375
-0.3824633061885833740234375
-0.075728543102741241455078125
-0.02262768335640430450439453125
0.042357333004474639892578125
0.079857461154460906982421875
-0.080442480742931365966796875
-0.1101585328578948974609375
-0.2012193202972412109375
-0.29781663417816162109375
-0.035625539720058441162109375
0.056420214474201202392578125
-0.000244708528043702244758605957031
0.069760106503963470458984375
-0.044677563011646270751953125
-0.23674488067626953125
-0.098695479333400726318359375
0.01303732953965663909912109375
-0.16306822001934051513671875
-0.1422812938690185546875
0.014455330558121204376220703125
0.02319620549678802490234375
-0.388845741748809814453125
-0.283377349376678466796875
0.0038139573298394680023193359375
0.05292947590351104736328125
0.09976708889007568359375
0.02471055276691913604736328125
0.01819208450615406036376953125
-0.3487080633640289306640625
0.00563977658748626708984375
0.0999113023281097412109375
0.00367472483776509761810302734375
0.1065212786197662353515625
0.007846581749618053436279296875
-0.283231914043426513671875
-0.24653057754039764404296875
-0.133468210697174072265625
0.09862248599529266357421875
0.0165696404874324798583984375
-0.078017286956310272216796875
0.011480129323899745941162109375
-0.27571690082550048828125
-0.02745398320257663726806640625
0.02384413778781890869140625
-0.15801681578159332275390625
-0.2301680743694305419921875
-0.0147094391286373138427734375
-0.158682048320770263671875
0.759056150913238525390625
-0.1878280341625213623046875
0.13120494782924652099609375
0.071675218641757965087890625
0.02951960824429988861083984375
-0.1159746646881103515625
-0.02313745953142642974853515625
0.1844255626201629638671875
-0.00125970446970313787460327148438
0.08670727908611297607421875
0.014631430618464946746826171875
0.1226234734058380126953125
-0.13225154578685760498046875
-0.1194440424442291259765625
-0.3272011578083038330078125
-0.119274638593196868896484375
0.02519497834146022796630859375
0.103410400450229644775390625
-0.28490221500396728515625
0.078160800039768218994140625
0.080556534230709075927734375
-0.1449778079986572265625
-0.066073678433895111083984375
-0.2107913792133331298828125
0.034260995686054229736328125
0.0942579805850982666015625
-0.221518993377685546875
0.09603534638881683349609375
-0.037498950958251953125
-0.0238215513527393341064453125
-0.540913641452789306640625
0.114962272346019744873046875
-0.14349393546581268310546875
0.00336036947555840015411376953125
0.0351157821714878082275390625
0.0518159978091716766357421875
-0.04940961301326751708984375
0.008368261158466339111328125
-0.055288136005401611328125
-0.003265158273279666900634765625
-0.3205025494098663330078125
0.012837223708629608154296875
-0.103932730853557586669921875
-0.10131649672985076904296875
-0.0606859140098094940185546875
-0.08955146372318267822265625
-0.063275240361690521240234375
-0.27613437175750732421875
0.05357129871845245361328125
0.15089499950408935546875
0.06296704709529876708984375
-0.078592933714389801025390625
-0.2943470180034637451171875
-0.595145046710968017578125
-0.05757246911525726318359375
-0.0935803949832916259765625
0.19223596155643463134765625
0.0221299640834331512451171875
0.0196442715823650360107421875
0.0604256205260753631591796875
-0.1936833560466766357421875
-0.3752361834049224853515625
0.07156114280223846435546875
0.050478152930736541748046875
-0.2833325564861297607421875
-0.1103475987911224365234375
-0.03053521923720836639404296875
0.071762658655643463134765625
0.0632512569427490234375
0.079449117183685302734375
-0.101057402789592742919921875
-0.0528733693063259124755859375
-0.667786538600921630859375
0.029054976999759674072265625
0.076014511287212371826171875
-0.23159025609493255615234375
0.0575879774987697601318359375
0.019759975373744964599609375
-0.1686809062957763671875
-0.02394209615886211395263671875
-0.00296637159772217273712158203125
-0.105919204652309417724609375
0.1737607419490814208984375
0.0591891966760158538818359375
0.05635039508342742919921875
0.574199140071868896484375
