0.14017201960086822509765625 0.117978446185588836669921875 0.0395681448280811309814453125 0.0303569175302982330322265625 0.13415737450122833251953125 
0.21466429531574249267578125 0.4169826805591583251953125 0.501391828060150146484375 0.47030127048492431640625 0.377276599407196044921875 
-0.0047920462675392627716064453125 0.104010529816150665283203125 0.1533655226230621337890625 0.16165219247341156005859375 0.117858432233333587646484375 
-0.3616140186786651611328125 -0.3414476215839385986328125 -0.309123575687408447265625 -0.4194767773151397705078125 -0.19100187718868255615234375 
-0.3898237645626068115234375 -0.521257936954498291015625 -0.47458159923553466796875 -0.360032737255096435546875 -0.01773861236870288848876953125 


0.02508266828954219818115234375 0.0586561821401119232177734375 -0.167296707630157470703125 -0.6151888370513916015625 -0.586500823497772216796875 
0.02831110544502735137939453125 0.415820896625518798828125 0.2908618152141571044921875 -0.22425115108489990234375 -0.435979306697845458984375 
-0.0215045697987079620361328125 0.4802612364292144775390625 1.01073992252349853515625 0.59080946445465087890625 -0.13941986858844757080078125 
-0.3433415591716766357421875 -0.13945484161376953125 0.22170867025852203369140625 0.3503679931163787841796875 -0.01231913827359676361083984375 
-0.3885528147220611572265625 -0.3812374174594879150390625 -0.1872324049472808837890625 0.165673732757568359375 0.101729102432727813720703125 


0.0328364074230194091796875 0.00434793345630168914794921875 0.022286228835582733154296875 -0.2026381194591522216796875 -0.341580808162689208984375 
0.021369956433773040771484375 0.063187181949615478515625 -0.096730507910251617431640625 -0.3816901743412017822265625 -0.555582225322723388671875 
-0.09363965690135955810546875 0.018260933458805084228515625 -0.0044121933169662952423095703125 0.0056474250741302967071533203125 0.034877292811870574951171875 
0.0138724707067012786865234375 0.2186953127384185791015625 0.4112729132175445556640625 0.5985248088836669921875 0.386661708354949951171875 
0.15553580224514007568359375 0.160906314849853515625 -0.09080149233341217041015625 -0.068970464169979095458984375 0.072300247848033905029296875 


-0.2117491066455841064453125 0.03305561840534210205078125 0.11921422183513641357421875 0.20277585089206695556640625 0.015152993611991405487060546875 
-0.10441957414150238037109375 0.0995844304561614990234375 0.08761365711688995361328125 0.2716035544872283935546875 0.0938871800899505615234375 
-0.0561541654169559478759765625 -0.100432954728603363037109375 0.548067748546600341796875 0.3583212792873382568359375 -0.1663153171539306640625 
0.0790791809558868408203125 0.0518792681396007537841796875 0.426196277141571044921875 0.033042013645172119140625 -0.08395065367221832275390625 
-0.02672241069376468658447265625 0.2163867056369781494140625 0.122521735727787017822265625 0.16324670612812042236328125 -0.112186610698699951171875 


0.19687186181545257568359375 0.075633130967617034912109375 -0.0321930684149265289306640625 -0.10839681327342987060546875 -0.0049467380158603191375732421875 
-0.1270821094512939453125 -0.2615411579608917236328125 -0.3143100738525390625 -0.123208411037921905517578125 0.108409740030765533447265625 
-0.3257853984832763671875 -0.3601721823215484619140625 -0.17161142826080322265625 0.22497119009494781494140625 0.177439987659454345703125 
-0.13246844708919525146484375 0.01707744784653186798095703125 0.3164136707782745361328125 0.3957207202911376953125 0.0301465578377246856689453125 
0.2644057571887969970703125 0.319073975086212158203125 0.2379796504974365234375 -0.094933487474918365478515625 -0.1074528992176055908203125 


-0.024597205221652984619140625 0.013221503235399723052978515625 -0.00552175380289554595947265625 -0.0126224122941493988037109375 0.040821678936481475830078125 
-0.0510417111217975616455078125 -0.010671802796423435211181640625 -0.0756797492504119873046875 -0.046598844230175018310546875 -0.092323891818523406982421875 
0.0509274341166019439697265625 -0.0275207422673702239990234375 0.009433164261281490325927734375 -0.032807566225528717041015625 -0.0369204580783843994140625 
0.0589597411453723907470703125 0.074922621250152587890625 0.094422452151775360107421875 0.1196478307247161865234375 0.0526412241160869598388671875 
0.00438128598034381866455078125 -0.0528508685529232025146484375 -0.052118249237537384033203125 0.00637241639196872711181640625 -0.010856774635612964630126953125 



-0.041854135692119598388671875
-0.2888896763324737548828125
-0.05550958216190338134765625
-0.081658862531185150146484375
-0.089714772999286651611328125
-0.0222500264644622802734375
