-0.02173234708607196807861328125 0.0253477394580841064453125 -0.08342801034450531005859375 -0.19204969704151153564453125 -0.22308619320392608642578125 
0.02601986564695835113525390625 -0.041248284280300140380859375 0.00208060559816658496856689453125 0.00256197736598551273345947265625 -0.037660382688045501708984375 
0.111186675727367401123046875 0.24778662621974945068359375 0.2624912261962890625 0.1421364247798919677734375 -0.07802762091159820556640625 
-0.12598018348217010498046875 -0.072333276271820068359375 -0.01353999786078929901123046875 0.00027433247305452823638916015625 -0.0879234969615936279296875 
0.090244114398956298828125 0.075275219976902008056640625 0.0410533510148525238037109375 0.0410784371197223663330078125 -0.03639324009418487548828125 

-0.01178496889770030975341796875 0.0353743173182010650634765625 0.0363450758159160614013671875 -0.011780458502471446990966796875 0.013275577686727046966552734375 
0.15449596941471099853515625 0.064378969371318817138671875 -0.0560288541018962860107421875 -0.0395007170736789703369140625 -0.014145850203931331634521484375 
0.09048409759998321533203125 -0.01968826912343502044677734375 -0.13065922260284423828125 -0.071619652211666107177734375 -0.064670138061046600341796875 
0.0549142323434352874755859375 -0.01886057294905185699462890625 -0.0604187510907649993896484375 -0.00196232902817428112030029296875 0.0273460336029529571533203125 
0.01948433928191661834716796875 0.13593412935733795166015625 0.062973432242870330810546875 -0.010114311240613460540771484375 0.013035289943218231201171875 

-0.0288176052272319793701171875 -0.06677864491939544677734375 0.00112105242442339658737182617188 0.082956619560718536376953125 0.081068627536296844482421875 
0.00889282487332820892333984375 0.12036533653736114501953125 0.081507109105587005615234375 -0.024568654596805572509765625 -0.12581513822078704833984375 
-0.0429690070450305938720703125 -0.16993369162082672119140625 -0.23861818015575408935546875 -0.15885977447032928466796875 -0.10208256542682647705078125 
0.01792241446673870086669921875 -0.0072183273732662200927734375 -0.02137400396168231964111328125 -0.09332896769046783447265625 -0.0809679329395294189453125 
0.123420663177967071533203125 0.08807961642742156982421875 0.01145993359386920928955078125 -0.072228409349918365478515625 -0.102117039263248443603515625 

0.061606459319591522216796875 0.010005365125834941864013671875 0.0504327714443206787109375 0.06983093917369842529296875 0.14389483630657196044921875 
-0.12763880193233489990234375 0.0531041584908962249755859375 0.22441719472408294677734375 0.17565564811229705810546875 0.20451502501964569091796875 
-0.12335388362407684326171875 0.0074079767800867557525634765625 -0.087451823055744171142578125 0.0305533148348331451416015625 -0.080949746072292327880859375 
-0.07209689915180206298828125 -0.123476333916187286376953125 -0.1881800591945648193359375 -0.117121703922748565673828125 -0.16134871542453765869140625 
0.059895060956478118896484375 0.0439111888408660888671875 0.0377971269190311431884765625 -0.08353142440319061279296875 -0.14292658865451812744140625 

0.0784628689289093017578125 -0.064164139330387115478515625 -0.06502056121826171875 -0.004212631843984127044677734375 -0.011356490664184093475341796875 
-0.0550537519156932830810546875 0.028299830853939056396484375 0.02338883467018604278564453125 -0.0662074983119964599609375 -0.100384853780269622802734375 
-0.0546481609344482421875 -0.065280020236968994140625 -0.11855320632457733154296875 -0.067964255809783935546875 -0.0926190912723541259765625 
0.01556218974292278289794921875 -0.02329865284264087677001953125 0.0290033034980297088623046875 -0.0078131817281246185302734375 -0.07118947803974151611328125 
0.067612491548061370849609375 0.036795563995838165283203125 -0.00162805302534252405166625976562 -0.0389178693294525146484375 -0.077698715031147003173828125 

-0.014373679645359516143798828125 -0.005718956701457500457763671875 -0.008916654624044895172119140625 -0.0054996586404740810394287109375 0.00154293782543390989303588867188 
0.01868741773068904876708984375 0.02033583633601665496826171875 0.00670954026281833648681640625 -0.01023964397609233856201171875 -0.02671403251588344573974609375 
0.000820130633655935525894165039062 0.0031955563463270664215087890625 -0.006325994618237018585205078125 -0.019870214164257049560546875 -0.009655891917645931243896484375 
0.011777152307331562042236328125 0.010197817347943782806396484375 0.0049563148058950901031494140625 0.00336504005827009677886962890625 0.000768715806771069765090942382812 
0.003865568898618221282958984375 0.010789670981466770172119140625 0.0048354901373386383056640625 0.0041828141547739505767822265625 -0.00193415046669542789459228515625 


-0.0096854902803897857666015625 -0.0386658571660518646240234375 -0.037550449371337890625 -0.008031048811972141265869140625 -0.0206680186092853546142578125 
-0.0670318603515625 -0.057820022106170654296875 -0.02908509783446788787841796875 -0.004586040973663330078125 -0.0084092579782009124755859375 
-0.0093326084315776824951171875 0.02007150091230869293212890625 -0.01334400288760662078857421875 -0.02431793697178363800048828125 -0.00316703296266496181488037109375 
0.06096111238002777099609375 0.0358592569828033447265625 -0.006924559362232685089111328125 -0.0243841968476772308349609375 -0.0161126889288425445556640625 
0.01751941628754138946533203125 -0.011012393049895763397216796875 -0.0165392048656940460205078125 -0.012573085725307464599609375 -0.00378967938013374805450439453125 

0.0392411164939403533935546875 0.0366035737097263336181640625 0.004317783750593662261962890625 0.017598427832126617431640625 0.045343577861785888671875 
-0.0049354699440300464630126953125 -0.00490994192659854888916015625 -0.013784150592982769012451171875 -0.040901027619838714599609375 0.02431266196072101593017578125 
-0.0553367920219898223876953125 -0.01840557157993316650390625 0.0143248103559017181396484375 -0.02217870764434337615966796875 -0.008742217905819416046142578125 
-0.00219362205825746059417724609375 -0.0051955836825072765350341796875 -0.011234278790652751922607421875 0.010593426413834095001220703125 0.007364013232290744781494140625 
0.004081062041223049163818359375 0.0164567492902278900146484375 -0.010745803825557231903076171875 0.034891031682491302490234375 0.01492709480226039886474609375 

0.026441745460033416748046875 0.014280092902481555938720703125 0.011965115554630756378173828125 -0.008502111770212650299072265625 -0.01564933359622955322265625 
-0.01631182618439197540283203125 0.009950826875865459442138671875 -0.00796811468899250030517578125 -0.051394604146480560302734375 -0.01057389192283153533935546875 
-0.01800754480063915252685546875 -0.02899384312331676483154296875 -0.01685878075659275054931640625 -0.0189292840659618377685546875 -0.004717163741588592529296875 
-0.02884815633296966552734375 -0.02038097381591796875 -0.000809404358733445405960083007812 0.002558066509664058685302734375 0.020009696483612060546875 
0.00105593330226838588714599609375 0.00119686790276318788528442382812 -0.00256940838880836963653564453125 0.01053575240075588226318359375 0.02766214124858379364013671875 

-0.0058651915751397609710693359375 0.0319190435111522674560546875 0.0327146761119365692138671875 -0.0477853305637836456298828125 0.023418508470058441162109375 
0.025133185088634490966796875 0.055373810231685638427734375 0.038290269672870635986328125 -0.067995600402355194091796875 0.02645527012646198272705078125 
0.072887130081653594970703125 0.042649142444133758544921875 -0.013817214407026767730712890625 -0.03094632737338542938232421875 0.011506373994052410125732421875 
-0.008843571878969669342041015625 -0.02312357537448406219482421875 -0.0347987450659275054931640625 -0.010773642919957637786865234375 -0.01034255512058734893798828125 
-0.07736857235431671142578125 -0.00936496816575527191162109375 -0.01083180122077465057373046875 0.012639251537621021270751953125 0.01103995926678180694580078125 

0.000180259143235161900520324707031 -0.01868685521185398101806640625 -0.03037727810442447662353515625 -0.0277738980948925018310546875 -0.02358128316700458526611328125 
0.01644437946379184722900390625 -0.0022344146855175495147705078125 -0.046328328549861907958984375 -0.02537179924547672271728515625 -0.004821603186428546905517578125 
0.0047662206925451755523681640625 -0.003546553663909435272216796875 -0.012855037115514278411865234375 -0.0073333717882633209228515625 -0.00125631666742265224456787109375 
-0.02122582308948040008544921875 -0.00998496077954769134521484375 0.010599703527987003326416015625 0.0037807202897965908050537109375 0.0047125187702476978302001953125 
-0.0188858844339847564697265625 0.00633655674755573272705078125 0.0013629882596433162689208984375 0.008663761429488658905029296875 -0.00303831393830478191375732421875 

0.0037688328884541988372802734375 0.00347634009085595607757568359375 -0.005679908208549022674560546875 -0.000751615152694284915924072265625 -0.009186218492686748504638671875 
-0.0047535910271108150482177734375 -0.0060676499269902706146240234375 -0.0071259997785091400146484375 -0.000430304469773545861244201660156 -0.0074294121004641056060791015625 
-0.00139408349059522151947021484375 -0.0044364132918417453765869140625 0.002062362618744373321533203125 0.00113226135727018117904663085938 0.00270112720318138599395751953125 
0.00338488048873841762542724609375 -0.004224008880555629730224609375 0.00104939972516149282455444335938 -0.0068210251629352569580078125 0.00175001122988760471343994140625 
0.00456518493592739105224609375 -0.000718709023203700780868530273438 0.00145608617458492517471313476562 0.000295863050268962979316711425781 0.000831603712867945432662963867188 


-0.01844584383070468902587890625 -0.00251166219823062419891357421875 0.053617142140865325927734375 0.17195601761341094970703125 0.15874673426151275634765625 
0.0076530240476131439208984375 0.02421989105641841888427734375 -0.027897812426090240478515625 -0.17158220708370208740234375 0.00776080600917339324951171875 
-0.117166578769683837890625 -0.15538232028484344482421875 -0.144921779632568359375 0.1008198261260986328125 0.2137543857097625732421875 
-0.03482954204082489013671875 -0.0510365925729274749755859375 -0.082484893500804901123046875 -0.0579085387289524078369140625 0.009849398396909236907958984375 
-0.15326710045337677001953125 -0.1250317394733428955078125 -0.0469504855573177337646484375 -0.02150638587772846221923828125 0.16891349852085113525390625 

-0.105648525059223175048828125 0.066958285868167877197265625 3.63476319762412458658218383789e-05 -0.0523826964199542999267578125 -0.01099826209247112274169921875 
-0.1689496934413909912109375 -0.024597965180873870849609375 -0.0290943197906017303466796875 -0.11700020730495452880859375 0.08360503613948822021484375 
-0.0056238300167024135589599609375 -0.1480800807476043701171875 -0.2065970897674560546875 0.0050142458640038967132568359375 0.17304511368274688720703125 
0.02560034953057765960693359375 -0.125763237476348876953125 -0.128624498844146728515625 0.2363537847995758056640625 0.2204155027866363525390625 
-0.03666098415851593017578125 0.00369006930850446224212646484375 0.2085672914981842041015625 0.19316713511943817138671875 0.049635827541351318359375 

-0.073396883904933929443359375 -0.01207701861858367919921875 -0.04891775548458099365234375 -0.07125838100910186767578125 -0.10133285820484161376953125 
-0.0610221512615680694580078125 -0.0958898961544036865234375 0.073432385921478271484375 0.1551070511341094970703125 0.104669220745563507080078125 
0.02158190868794918060302734375 0.04309611022472381591796875 0.253455340862274169921875 0.16626070439815521240234375 0.0495528019964694976806640625 
0.13034133613109588623046875 0.0675814449787139892578125 -0.14788721501827239990234375 0.00287118018604815006256103515625 0.00187231157906353473663330078125 
-0.094130478799343109130859375 -0.076779939234256744384765625 0.079922758042812347412109375 0.0342160798609256744384765625 -0.100243158638477325439453125 

0.039105035364627838134765625 -0.01668634451925754547119140625 -0.078415207564830780029296875 -0.3117916882038116455078125 -0.1606878340244293212890625 
-0.22767789661884307861328125 -0.2608664035797119140625 -0.2379689514636993408203125 -0.076796583831310272216796875 0.0466640628874301910400390625 
-0.13982979953289031982421875 -0.035590596497058868408203125 0.21106664836406707763671875 0.23583303391933441162109375 0.12930543720722198486328125 
0.20327542722225189208984375 0.38622081279754638671875 0.2268209755420684814453125 -0.17867767810821533203125 -0.326049983501434326171875 
0.14082081615924835205078125 -0.01186705566942691802978515625 -0.13495795428752899169921875 -0.123572267591953277587890625 -0.1731066405773162841796875 

-0.0730011165142059326171875 -0.0096187256276607513427734375 -0.01373895071446895599365234375 -0.12555767595767974853515625 -0.101152084767818450927734375 
0.00048909592442214488983154296875 0.010167240165174007415771484375 -0.000112485256977379322052001953125 0.114553503692150115966796875 0.103810675442218780517578125 
0.000714107241947203874588012695312 0.106747932732105255126953125 0.2797580659389495849609375 0.119576513767242431640625 -0.141212940216064453125 
0.09571485221385955810546875 0.0991971790790557861328125 -0.0549508221447467803955078125 -0.082048594951629638671875 -0.0037548728287220001220703125 
-0.13092418015003204345703125 -0.17529709637165069580078125 -0.070645429193973541259765625 -0.0758680403232574462890625 -0.0125415436923503875732421875 

0.00346617423929274082183837890625 0.0119697116315364837646484375 0.00338225625455379486083984375 0.01979987882077693939208984375 0.01773249171674251556396484375 
-0.0012887450866401195526123046875 -0.00051851174794137477874755859375 0.017123602330684661865234375 0.026995919644832611083984375 0.03419892489910125732421875 
0.008181204088032245635986328125 0.01384847797453403472900390625 0.02530968189239501953125 0.0355874933302402496337890625 0.04119859635829925537109375 
0.01905724965035915374755859375 0.0173277445137500762939453125 0.02054374106228351593017578125 0.0049763438291847705841064453125 0.0059150359593331813812255859375 
-0.00252660247497260570526123046875 0.005051116459071636199951171875 -0.00404817052185535430908203125 -0.00356367253698408603668212890625 -0.0042968690395355224609375 


0.02727648057043552398681640625 -0.0575443916022777557373046875 -0.02656736411154270172119140625 0.01985276676714420318603515625 -0.023326300084590911865234375 
-0.20700003206729888916015625 -0.15644933283329010009765625 -0.0439575426280498504638671875 0.003702006302773952484130859375 -0.10723708570003509521484375 
-0.1585246622562408447265625 -0.072791509330272674560546875 -0.093970872461795806884765625 -0.0569355376064777374267578125 -0.073260016739368438720703125 
0.0432434119284152984619140625 -0.027843736112117767333984375 -0.0552593767642974853515625 -0.07892596721649169921875 -0.15123371779918670654296875 
-0.01990069635212421417236328125 -0.103450261056423187255859375 -0.0296376459300518035888671875 -0.088554926216602325439453125 -0.1057939231395721435546875 

0.14605735242366790771484375 -0.075017251074314117431640625 -0.0462804138660430908203125 -0.06605289876461029052734375 -0.15141226351261138916015625 
0.082999102771282196044921875 -0.0590160228312015533447265625 -0.13981260359287261962890625 -0.14900493621826171875 -0.10886023938655853271484375 
-0.2728845179080963134765625 -0.182789742946624755859375 -0.14268107712268829345703125 -0.16094599664211273193359375 -0.1378547847270965576171875 
-0.160233914852142333984375 -0.0525043047964572906494140625 -0.04631344974040985107421875 -0.07150296866893768310546875 -0.104226909577846527099609375 
0.02508167736232280731201171875 0.0189396776258945465087890625 -0.013732887804508209228515625 -0.03121288307011127471923828125 -0.11283026635646820068359375 

0.119668804109096527099609375 0.02112846635282039642333984375 -0.050068981945514678955078125 -0.154495775699615478515625 -0.17989532649517059326171875 
0.103997476398944854736328125 0.0603470765054225921630859375 -0.1795115768909454345703125 -0.13824570178985595703125 -0.02756567299365997314453125 
-0.0173747949302196502685546875 -0.09123568236827850341796875 -0.0799898207187652587890625 -0.00244860467500984668731689453125 0.015179841779172420501708984375 
-0.0807408392429351806640625 -0.000466062367195263504981994628906 0.05025757849216461181640625 0.015416220761835575103759765625 0.011111256666481494903564453125 
0.052944146096706390380859375 0.0949856936931610107421875 0.0430124066770076751708984375 0.0138174854218959808349609375 -0.000125414022477343678474426269531 

-0.15066246688365936279296875 0.102895312011241912841796875 0.07829396426677703857421875 -0.0447849296033382415771484375 -0.1505236327648162841796875 
0.2246617376804351806640625 0.271019279956817626953125 -0.0510816872119903564453125 -0.3253931105136871337890625 -0.073731504380702972412109375 
0.4684543907642364501953125 0.0035812356509268283843994140625 -0.262726724147796630859375 -0.22626145184040069580078125 0.072182066738605499267578125 
0.07731144130229949951171875 -0.13897271454334259033203125 -0.2194068729877471923828125 0.062653385102748870849609375 0.1348328292369842529296875 
-0.248064517974853515625 -0.0331465937197208404541015625 0.059846170246601104736328125 0.252647817134857177734375 0.153954207897186279296875 

0.1487255394458770751953125 0.05618493258953094482421875 -0.060379527509212493896484375 -0.076741002500057220458984375 -0.0357796959578990936279296875 
0.1982745230197906494140625 -0.10171787440776824951171875 -0.115880973637104034423828125 -0.0271674804389476776123046875 0.030738867819309234619140625 
0.15042297542095184326171875 -0.060760490596294403076171875 -0.024393953382968902587890625 0.06544816493988037109375 0.06640903651714324951171875 
-0.02738740853965282440185546875 -0.0462593622505664825439453125 -0.005765077657997608184814453125 0.0503177605569362640380859375 0.01649968139827251434326171875 
-0.087731011211872100830078125 -0.02501920796930789947509765625 0.055184029042720794677734375 0.063769005239009857177734375 -0.0405547060072422027587890625 

0.02522160671651363372802734375 0.0074511296115815639495849609375 0.008920441381633281707763671875 -0.0160105414688587188720703125 -0.00793920457363128662109375 
0.0057134204544126987457275390625 0.000844961963593959808349609375 -0.0050755464471876621246337890625 -0.005027095787227153778076171875 -0.0076516051776707172393798828125 
-0.01122464239597320556640625 -0.0082139670848846435546875 -0.009869550354778766632080078125 -0.009064367972314357757568359375 -0.008752536959946155548095703125 
0.008591738529503345489501953125 -0.000267276045633479952812194824219 0.00333127402700483798980712890625 -0.00060435570776462554931640625 0.00318056880496442317962646484375 
0.011352258734405040740966796875 -0.0106198377907276153564453125 -0.01524310000240802764892578125 -0.01918213069438934326171875 -0.012774161063134670257568359375 


-0.0423958785831928253173828125 -0.108534194529056549072265625 -0.0382682271301746368408203125 -0.11580465734004974365234375 -0.12840123474597930908203125 
-0.02220080979168415069580078125 -0.05025851726531982421875 -0.0505049116909503936767578125 -0.06906659901142120361328125 0.0506285540759563446044921875 
-0.1404058039188385009765625 -0.15638677775859832763671875 -0.2099739015102386474609375 -0.2480497658252716064453125 -0.0435273833572864532470703125 
-0.065463386476039886474609375 -0.0561206974089145660400390625 -0.08722032606601715087890625 -0.17069952189922332763671875 -0.14234821498394012451171875 
0.042058169841766357421875 -0.108464606106281280517578125 -0.103688694536685943603515625 -0.15351222455501556396484375 -0.119027696549892425537109375 

-0.14825086295604705810546875 0.123566307127475738525390625 -0.0176652483642101287841796875 -0.104697979986667633056640625 0.02240163274109363555908203125 
-0.19108371436595916748046875 0.032541215419769287109375 0.270180881023406982421875 0.02442711405456066131591796875 0.0314630456268787384033203125 
-0.15856222808361053466796875 -0.20184914767742156982421875 0.1893854439258575439453125 0.0441167838871479034423828125 -0.102966241538524627685546875 
-0.0411566756665706634521484375 -0.18531896173954010009765625 0.114165149629116058349609375 0.08065579831600189208984375 -0.088912434875965118408203125 
-0.076515115797519683837890625 -0.264202058315277099609375 -0.121907614171504974365234375 0.0587115250527858734130859375 -0.036683775484561920166015625 

-0.1806975305080413818359375 0.083281390368938446044921875 0.15003721415996551513671875 0.008789827115833759307861328125 0.0498667620122432708740234375 
-0.21732382476329803466796875 -0.011770927347242832183837890625 0.12481017410755157470703125 -0.00242553860880434513092041015625 -0.0305852778255939483642578125 
-0.13198225200176239013671875 -0.20762513577938079833984375 0.13907243311405181884765625 0.100247509777545928955078125 -0.07213841378688812255859375 
-0.1289838254451751708984375 -0.1887378990650177001953125 0.077190451323986053466796875 0.0467160381376743316650390625 -0.031540639698505401611328125 
-0.11150239408016204833984375 -0.183091640472412109375 -0.0567363016307353973388671875 0.1473432481288909912109375 0.12263052165508270263671875 

-0.15375721454620361328125 0.0610572732985019683837890625 0.036735646426677703857421875 -0.13012583553791046142578125 -0.2044412791728973388671875 
-0.21873484551906585693359375 0.12680669128894805908203125 0.3895750343799591064453125 0.0074506127275526523590087890625 -0.1264480054378509521484375 
-0.197282016277313232421875 -0.08734263479709625244140625 0.476911008358001708984375 0.02125787921249866485595703125 -0.27143323421478271484375 
-0.2148783504962921142578125 -0.16898797452449798583984375 0.547478377819061279296875 0.13631920516490936279296875 -0.3572327196598052978515625 
-0.24176590144634246826171875 -0.13724662363529205322265625 0.40911328792572021484375 -0.110501594841480255126953125 -0.0038047730922698974609375 

-0.072438068687915802001953125 -0.0410837866365909576416015625 0.03798831999301910400390625 -0.01569066941738128662109375 -0.015041667036712169647216796875 
-0.00348425586707890033721923828125 -0.002316516824066638946533203125 -0.036452002823352813720703125 -0.139926731586456298828125 -0.072236604988574981689453125 
0.0597319267690181732177734375 -0.062868058681488037109375 -0.066070497035980224609375 -0.170092880725860595703125 -0.1053900420665740966796875 
-0.0309108197689056396484375 -0.011999311856925487518310546875 -0.012097775936126708984375 -0.21004426479339599609375 -0.0459945835173130035400390625 
0.008992920629680156707763671875 -0.00179429759737104177474975585938 -0.127039611339569091796875 -0.12342502176761627197265625 0.08139026165008544921875 

-0.018641173839569091796875 -0.02260960638523101806640625 0.007552093826234340667724609375 0.009097906760871410369873046875 0.002184636890888214111328125 
-0.0074706501327455043792724609375 -0.0320641286671161651611328125 -0.0070497267879545688629150390625 0.014517187140882015228271484375 -0.00515826046466827392578125 
-0.0060352743603289127349853515625 -0.0142885930836200714111328125 -0.0058090942911803722381591796875 0.00187753071077167987823486328125 0.006113015115261077880859375 
0.00169443746563047170639038085938 -0.0074504748918116092681884765625 -0.03672601282596588134765625 -0.01978286541998386383056640625 0.00057766400277614593505859375 
0.0044270269572734832763671875 -0.00915662385523319244384765625 -0.0164073593914508819580078125 -0.00754459761083126068115234375 0.0099515132606029510498046875 


-0.0403027869760990142822265625 -0.088606245815753936767578125 0.02539982832968235015869140625 0.077304281294345855712890625 0.07159127295017242431640625 
-0.0372490622103214263916015625 -0.02050206251442432403564453125 0.0422703139483928680419921875 0.0073457346297800540924072265625 -0.035060577094554901123046875 
0.084575407207012176513671875 0.127582132816314697265625 0.074358247220516204833984375 -0.0353636443614959716796875 0.005267255939543247222900390625 
0.0624583549797534942626953125 -0.0500484891235828399658203125 -0.1317190825939178466796875 -0.0398884713649749755859375 -0.0302610434591770172119140625 
-0.03619788587093353271484375 -0.081857942044734954833984375 -0.02719205804169178009033203125 -0.045307509601116180419921875 -0.000553898396901786327362060546875 

-0.0225314311683177947998046875 0.01747857592999935150146484375 -0.01589834131300449371337890625 -0.090970374643802642822265625 0.0351002179086208343505859375 
-0.02507547102868556976318359375 0.01000886596739292144775390625 0.0800991058349609375 0.032117627561092376708984375 -0.014502356760203838348388671875 
-0.0081380903720855712890625 -0.0703559815883636474609375 -0.1200960576534271240234375 -0.173740684986114501953125 -0.15119688212871551513671875 
-0.049860097467899322509765625 -0.15315066277980804443359375 -0.2141433060169219970703125 -0.2602846622467041015625 0.0967249572277069091796875 
-0.2147891521453857421875 -0.110193602740764617919921875 -0.10108439624309539794921875 -0.07561217248439788818359375 -0.051765739917755126953125 

-0.068060182034969329833984375 0.02755160816013813018798828125 0.021067984402179718017578125 -0.098912917077541351318359375 -0.0487670190632343292236328125 
-0.022035665810108184814453125 -0.0264889709651470184326171875 -0.0397873222827911376953125 -0.0603001303970813751220703125 -0.0453180931508541107177734375 
-0.07233440876007080078125 -0.16094262897968292236328125 -0.04944001138210296630859375 0.159574329853057861328125 0.21261383593082427978515625 
-0.096923463046550750732421875 -0.0127816088497638702392578125 0.115608118474483489990234375 0.0299379713833332061767578125 0.073838911950588226318359375 
-0.15086734294891357421875 -0.0796110928058624267578125 -0.0633186995983123779296875 -0.009955465793609619140625 0.047730036079883575439453125 

0.077244020998477935791015625 0.166684567928314208984375 0.078888989984989166259765625 -0.069632224738597869873046875 -0.01406485401093959808349609375 
0.091826938092708587646484375 0.1939630210399627685546875 -0.013325014151632785797119140625 -0.23159246146678924560546875 0.0028278990648686885833740234375 
0.03025971539318561553955078125 -0.110120475292205810546875 -0.30592095851898193359375 -0.078159950673580169677734375 0.26014459133148193359375 
-0.19859866797924041748046875 -0.2657391726970672607421875 0.0421145521104335784912109375 0.2415663301944732666015625 0.00193133659195154905319213867188 
-0.2661866843700408935546875 -0.0392446182668209075927734375 0.17902676761150360107421875 -0.07118569314479827880859375 -0.034729771316051483154296875 

-0.083494521677494049072265625 -0.070601172745227813720703125 -0.0057443431578576564788818359375 -0.086965002119541168212890625 -0.03426183760166168212890625 
-0.0028554541058838367462158203125 -0.0042389607988297939300537109375 -0.0317371785640716552734375 -0.059375427663326263427734375 0.105481334030628204345703125 
-0.00321949156932532787322998046875 -0.035956703126430511474609375 -0.0046266443096101284027099609375 0.18855459988117218017578125 0.23863138258457183837890625 
-0.0273993127048015594482421875 0.0326096601784229278564453125 0.1794749200344085693359375 0.147546291351318359375 -0.0421525128185749053955078125 
-0.01205855794250965118408203125 0.03415088355541229248046875 0.010825634934008121490478515625 -0.12117569148540496826171875 0.034962169826030731201171875 

-0.013719101436436176300048828125 -0.01762007176876068115234375 -0.01622833870351314544677734375 -0.0048082168214023113250732421875 -0.00018089986406266689300537109375 
-0.013670780695974826812744140625 -0.00801966153085231781005859375 -0.0067019625566899776458740234375 6.93614711053669452667236328125e-05 -0.000184466567588970065116882324219 
0.0045728809200227260589599609375 -0.00617280043661594390869140625 -0.008279095403850078582763671875 -0.005692298524081707000732421875 0.0162800513207912445068359375 
0.004955316893756389617919921875 0.004558528773486614227294921875 -0.004563025198876857757568359375 -0.014606400392949581146240234375 0.010312107391655445098876953125 
-0.015545518137514591217041015625 -0.021425507962703704833984375 -0.003166752867400646209716796875 -0.00109521218109875917434692382812 -0.009429975412786006927490234375 


-0.00265870685689151287078857421875 -0.02693458832800388336181640625 -0.059586562216281890869140625 -0.044224672019481658935546875 0.00304341665469110012054443359375 
0.0123674832284450531005859375 0.0271571092307567596435546875 -0.011358208023011684417724609375 -0.04283295571804046630859375 -0.0321609042584896087646484375 
-0.02680031955242156982421875 0.0328691937029361724853515625 0.0102973766624927520751953125 -0.076508499681949615478515625 -0.065525256097316741943359375 
-0.013630869798362255096435546875 -0.0073514557443559169769287109375 0.02295800857245922088623046875 -0.0218889005482196807861328125 -0.06835375726222991943359375 
-0.01165444590151309967041015625 -0.02935313619673252105712890625 0.00932122580707073211669921875 0.012824061326682567596435546875 0.017710901796817779541015625 

0.0393725931644439697265625 0.0402984358370304107666015625 -0.02426015026867389678955078125 -0.064284674823284149169921875 -0.0335240252315998077392578125 
-0.051272533833980560302734375 0.078898452222347259521484375 0.18027232587337493896484375 0.03153042495250701904296875 -0.02872001193463802337646484375 
-0.070642687380313873291015625 -0.0570772923529148101806640625 0.14324991405010223388671875 0.1296845376491546630859375 -0.02868752740323543548583984375 
0.0074801906011998653411865234375 -0.0471184439957141876220703125 0.000773037259932607412338256835938 0.16347010433673858642578125 0.08867986500263214111328125 
0.075586043298244476318359375 0.0038863555528223514556884765625 -0.072912000119686126708984375 -0.0175901465117931365966796875 0.0604624189436435699462890625 

0.054135553538799285888671875 0.0908139646053314208984375 0.025577127933502197265625 -0.0388937294483184814453125 -0.064519204199314117431640625 
0.014688351191580295562744140625 0.045670472085475921630859375 0.0360080562531948089599609375 -0.031904496252536773681640625 -0.0607708580791950225830078125 
-0.031703896820545196533203125 -0.0548288859426975250244140625 0.0433149076998233795166015625 0.03267087042331695556640625 -0.032937936484813690185546875 
-0.0203732736408710479736328125 -0.0703288614749908447265625 -0.0598660223186016082763671875 0.037131465971469879150390625 0.0445760823786258697509765625 
0.0131579004228115081787109375 -0.01628950424492359161376953125 -0.0583931095898151397705078125 -0.03510342538356781005859375 0.019849009811878204345703125 

0.00139930343721061944961547851562 -0.02290368638932704925537109375 -0.0458626113831996917724609375 -0.0412050783634185791015625 -0.019761092960834503173828125 
0.02961634285748004913330078125 0.00153338466770946979522705078125 0.008635993115603923797607421875 -0.0341757722198963165283203125 -0.075483001768589019775390625 
0.0354555658996105194091796875 -0.02509323693811893463134765625 0.02398013509809970855712890625 -0.0076127923093736171722412109375 -0.091580726206302642822265625 
0.0059199542738497257232666015625 -0.074569828808307647705078125 -0.001558494754135608673095703125 0.023954331874847412109375 -0.041675783693790435791015625 
-0.02085612528026103973388671875 -0.054513640701770782470703125 -0.0243953131139278411865234375 0.02256865985691547393798828125 -0.0037437244318425655364990234375 

-0.00140667043160647153854370117188 -0.011939707212150096893310546875 0.030647300183773040771484375 0.0181043781340122222900390625 -0.0045631118118762969970703125 
0.0096711926162242889404296875 0.0030729449354112148284912109375 -0.0391006767749786376953125 -0.0402283184230327606201171875 -0.02506265975534915924072265625 
0.0048032789491117000579833984375 -0.027798481285572052001953125 -0.053070485591888427734375 -0.0448265038430690765380859375 -0.0250272341072559356689453125 
-0.03506733477115631103515625 -0.03049909137189388275146484375 -0.02391484938561916351318359375 -0.0382519997656345367431640625 -0.032991848886013031005859375 
-0.014123042114078998565673828125 -0.00989585928618907928466796875 -0.0067498688586056232452392578125 -0.014370623044669628143310546875 -0.0301078893244266510009765625 

0.00310077122412621974945068359375 0.007481611333787441253662109375 0.005682247690856456756591796875 0.00321980682201683521270751953125 -0.0043863044120371341705322265625 
0.0044087357819080352783203125 0.00332643720321357250213623046875 0.0034435386769473552703857421875 0.0041097737848758697509765625 -0.00130879448261111974716186523438 
-0.005858982913196086883544921875 -0.00504630990326404571533203125 -0.0047457418404519557952880859375 -0.000100020537502132356166839599609 -0.000280918815406039357185363769531 
-0.000122801095130853354930877685547 -0.0050366036593914031982421875 -0.00459898076951503753662109375 -0.0071699074469506740570068359375 0.00852382369339466094970703125 
-0.0029402249492704868316650390625 0.000346153072314336895942687988281 -0.0054458030499517917633056640625 0.000658080971334129571914672851562 -0.004549740813672542572021484375 


0.0443289391696453094482421875 0.0403325743973255157470703125 -0.109920881688594818115234375 -0.09272919595241546630859375 0.047968484461307525634765625 
-0.07478474080562591552734375 -0.20262730121612548828125 -0.101154558360576629638671875 0.01743154413998126983642578125 -0.020549617707729339599609375 
-0.128523290157318115234375 -0.00222420063801109790802001953125 0.06295965611934661865234375 -0.0412901602685451507568359375 -0.13091586530208587646484375 
0.1195179522037506103515625 0.074296392500400543212890625 -0.0572509132325649261474609375 -0.1210134923458099365234375 0.0098500214517116546630859375 
-0.010908387601375579833984375 -0.0328774563968181610107421875 -0.069976963102817535400390625 -0.01922695524990558624267578125 0.01992926932871341705322265625 

0.0786139070987701416015625 0.17723734676837921142578125 0.06679572165012359619140625 -0.0388944037258625030517578125 0.058845750987529754638671875 
0.19536159932613372802734375 0.000244428461883217096328735351562 -0.10232175886631011962890625 -0.100125588476657867431640625 -0.071106754243373870849609375 
-0.03458423912525177001953125 -0.2244267165660858154296875 -0.0406550057232379913330078125 -0.039690680801868438720703125 -0.074229978024959564208984375 
-0.13840770721435546875 -0.0309082008898258209228515625 0.058710388839244842529296875 0.015592600218951702117919921875 -0.015722163021564483642578125 
0.074354611337184906005859375 0.0866366922855377197265625 0.0494644641876220703125 0.05143438279628753662109375 0.00176557933446019887924194335938 

0.09060500562191009521484375 0.11124198138713836669921875 0.037853755056858062744140625 -0.0521201789379119873046875 -0.0906427204608917236328125 
0.038294315338134765625 0.06359897553920745849609375 0.019182570278644561767578125 -0.18101914227008819580078125 -0.10286496579647064208984375 
0.114198662340641021728515625 -0.15719397366046905517578125 -0.118940882384777069091796875 -0.01535435952246189117431640625 -0.000952963775489479303359985351562 
-0.1142534315586090087890625 -0.0393338240683078765869140625 0.08505414426326751708984375 0.054020725190639495849609375 0.03062180243432521820068359375 
0.0323283411562442779541015625 0.0574009418487548828125 0.044462382793426513671875 -0.008812920190393924713134765625 0.012740322388708591461181640625 

-0.075723946094512939453125 -0.22177983820438385009765625 0.116202570497989654541015625 0.0740759074687957763671875 -0.01757288165390491485595703125 
-0.23217068612575531005859375 0.1474083364009857177734375 0.3389941751956939697265625 -0.0410899259150028228759765625 -0.120237939059734344482421875 
0.110666334629058837890625 0.273763179779052734375 0.01162931136786937713623046875 -0.205887317657470703125 -0.014761184342205524444580078125 
0.128657519817352294921875 -0.178876459598541259765625 -0.18833629786968231201171875 -0.067245908081531524658203125 0.0613056086003780364990234375 
-0.1907005608081817626953125 -0.21040804684162139892578125 0.009032298810780048370361328125 0.031533353030681610107421875 -0.027229376137256622314453125 

-0.0072341202758252620697021484375 -0.006631009280681610107421875 0.07143588364124298095703125 -0.01481090299785137176513671875 -0.082812823355197906494140625 
-0.03907644748687744140625 0.186806201934814453125 0.06075467169284820556640625 -0.123606316745281219482421875 -0.00181439158041030168533325195312 
0.17506588995456695556640625 0.109655447304248809814453125 -0.044222541153430938720703125 0.0129496268928050994873046875 0.0777442157268524169921875 
0.003327063284814357757568359375 -0.022374689579010009765625 0.0378740727901458740234375 0.0450277142226696014404296875 0.0377090685069561004638671875 
-0.0717713832855224609375 0.041248641908168792724609375 0.0607624985277652740478515625 0.0371470339596271514892578125 -0.03075267188251018524169921875 

0.021089293062686920166015625 0.02450065314769744873046875 -0.000383902079192921519279479980469 -0.00231457664631307125091552734375 -0.01414283551275730133056640625 
0.000969352084212005138397216796875 -0.0051606646738946437835693359375 0.00137212243862450122833251953125 -0.017936401069164276123046875 -0.009622788988053798675537109375 
-0.005915676243603229522705078125 -0.02339158952236175537109375 -0.01783598400652408599853515625 -0.008927998133003711700439453125 -0.00783854909241199493408203125 
-0.01184039004147052764892578125 -0.0036807269789278507232666015625 0.00282946252264082431793212890625 0.001112299971282482147216796875 0.006515248678624629974365234375 
-0.0009175711311399936676025390625 0.005157782696187496185302734375 -0.007873215712606906890869140625 0.00314048514701426029205322265625 0.00134204362984746694564819335938 


-0.06400392949581146240234375 -0.0313008092343807220458984375 0.01840786635875701904296875 -0.00408543832600116729736328125 0.00941268913447856903076171875 
0.2029220759868621826171875 0.112362883985042572021484375 0.00655107386410236358642578125 -0.0374201349914073944091796875 -0.0039819576777517795562744140625 
0.1577568352222442626953125 0.097580492496490478515625 0.0014027603901922702789306640625 0.048420839011669158935546875 0.1126262843608856201171875 
-0.0812823474407196044921875 -0.1106210649013519287109375 -0.087099947035312652587890625 -0.0613829307258129119873046875 -0.0116761513054370880126953125 
-0.015073490329086780548095703125 0.018354170024394989013671875 -0.0377940125763416290283203125 -0.0167237557470798492431640625 0.009587082080543041229248046875 

-0.07960705459117889404296875 0.02596866153180599212646484375 0.0287004597485065460205078125 -0.060986578464508056640625 0.024549193680286407470703125 
0.16670477390289306640625 0.0418604724109172821044921875 -0.00352284754626452922821044921875 0.0056170416064560413360595703125 0.018182687461376190185546875 
-0.0287205763161182403564453125 -0.0232492871582508087158203125 -0.067272804677486419677734375 -0.0342524833977222442626953125 -0.0583159029483795166015625 
0.10206530988216400146484375 -0.049641765654087066650390625 -0.11582577228546142578125 -0.0805356502532958984375 -0.0733391344547271728515625 
0.0395385958254337310791015625 0.2212025821208953857421875 0.22978796064853668212890625 0.155078411102294921875 0.18076074123382568359375 

0.035915799438953399658203125 0.02409701235592365264892578125 -0.094612918794155120849609375 -0.072283565998077392578125 0.066392339766025543212890625 
0.014646586962044239044189453125 -0.0417622067034244537353515625 -0.04969082772731781005859375 -0.01283783651888370513916015625 0.0350447632372379302978515625 
-0.14901153743267059326171875 -0.1476447284221649169921875 -0.13396127521991729736328125 -0.13258831202983856201171875 -0.15730191767215728759765625 
0.038647808134555816650390625 -0.008662051521241664886474609375 -0.05738086998462677001953125 -0.04076959192752838134765625 0.004313080571591854095458984375 
0.0457796119153499603271484375 0.18622697889804840087890625 0.16447867453098297119140625 0.16025309264659881591796875 0.2151532471179962158203125 

0.19028079509735107421875 0.21768595278263092041015625 0.0796636641025543212890625 -0.085985280573368072509765625 0.00900925882160663604736328125 
0.19618570804595947265625 0.100072734057903289794921875 -0.067897625267505645751953125 -0.102913081645965576171875 0.087632395327091217041015625 
-0.19362597167491912841796875 -0.2788511216640472412109375 -0.2606144845485687255859375 -0.1661554276943206787109375 -0.106599159538745880126953125 
-0.2823919355869293212890625 -0.2498657405376434326171875 -0.2331811487674713134765625 -0.2420823872089385986328125 -0.2501353323459625244140625 
0.00948509015142917633056640625 0.0766011178493499755859375 0.0453904308378696441650390625 -0.040875859558582305908203125 -0.0361070521175861358642578125 

-0.044705569744110107421875 -0.0188478343188762664794921875 -0.090595118701457977294921875 -0.094636775553226470947265625 0.01397664844989776611328125 
-0.072407715022563934326171875 -0.060282357037067413330078125 -0.018761910498142242431640625 -0.0019733211956918239593505859375 0.02063325978815555572509765625 
-0.0423293821513652801513671875 -0.00127990660257637500762939453125 -0.0314063914120197296142578125 -0.071527250111103057861328125 -0.08017575740814208984375 
-0.016533352434635162353515625 -0.006235382519662380218505859375 0.0273769460618495941162109375 -0.0239733196794986724853515625 -0.035607181489467620849609375 
0.0724798142910003662109375 0.06491275131702423095703125 0.0755658447742462158203125 0.02309632115066051483154296875 0.066883586347103118896484375 

0.00190885015763342380523681640625 -0.008070476353168487548828125 -0.01151544786989688873291015625 -0.0028064637444913387298583984375 -0.00180727278348058462142944335938 
0.00221295724622905254364013671875 -0.00195221381727606058120727539062 0.00144947995431721210479736328125 -0.0070778341032564640045166015625 -0.0048060039989650249481201171875 
-0.0058200708590447902679443359375 -0.007286238484084606170654296875 -0.008928314782679080963134765625 -0.008886500261723995208740234375 -0.0020398013293743133544921875 
0.011860045604407787322998046875 0.01403512991964817047119140625 0.0030451542697846889495849609375 0.000671999645419418811798095703125 0.00297072879038751125335693359375 
-0.01104478724300861358642578125 0.010308799333870410919189453125 0.0218686200678348541259765625 0.0329632796347141265869140625 0.02792504243552684783935546875 


-0.0060608987696468830108642578125 0.108000524342060089111328125 0.1043883860111236572265625 -0.071756221354007720947265625 -0.13500924408435821533203125 
-0.095760829746723175048828125 -0.084449268877506256103515625 -0.14002610743045806884765625 -0.084192700684070587158203125 0.010561746545135974884033203125 
-0.106151722371578216552734375 -0.081414051353931427001953125 -0.011509086005389690399169921875 0.047364197671413421630859375 -0.108876727521419525146484375 
0.03365661203861236572265625 0.1586163341999053955078125 0.080236613750457763671875 0.00411595962941646575927734375 -0.12690381705760955810546875 
0.05793726444244384765625 0.0769218504428863525390625 -0.0227254144847393035888671875 -0.084945596754550933837890625 -0.052958868443965911865234375 

-0.0062219970859587192535400390625 0.01293578557670116424560546875 0.12963487207889556884765625 0.087917387485504150390625 0.06560845673084259033203125 
0.0417937375605106353759765625 -0.030096851289272308349609375 -0.004092925228178501129150390625 -0.07300953567028045654296875 -0.0287608988583087921142578125 
0.0799726545810699462890625 -0.067164637148380279541015625 -0.145933687686920166015625 -0.070828914642333984375 -0.0140707828104496002197265625 
0.037831597030162811279296875 -0.0215011537075042724609375 0.012946623377501964569091796875 -0.009357358328998088836669921875 -0.0212947428226470947265625 
-0.000623186118900775909423828125 0.048293165862560272216796875 -0.01742791570723056793212890625 -0.02874495089054107666015625 -0.0569856204092502593994140625 

0.01851310394704341888427734375 0.0409229658544063568115234375 0.0470438897609710693359375 0.047404848039150238037109375 0.051016859710216522216796875 
-0.0217666588723659515380859375 0.03107656724750995635986328125 0.04818546772003173828125 -0.045001365244388580322265625 -0.1587511003017425537109375 
0.049921624362468719482421875 0.091218791902065277099609375 -0.091240651905536651611328125 -0.14485813677310943603515625 -0.075378440320491790771484375 
0.019374080002307891845703125 -0.104917623102664947509765625 -0.116588652133941650390625 -0.047416441142559051513671875 -0.0244992487132549285888671875 
0.014929843135178089141845703125 0.1047933101654052734375 0.046391583979129791259765625 -0.012647636234760284423828125 -0.063460610806941986083984375 

0.0284336507320404052734375 -0.10749576985836029052734375 -0.12415587902069091796875 0.026455827057361602783203125 0.125440180301666259765625 
-0.01641951687633991241455078125 -0.24138258397579193115234375 0.12565241754055023193359375 0.219508349895477294921875 0.06794555485248565673828125 
-0.0558736510574817657470703125 0.08315111696720123291015625 0.22512404620647430419921875 0.081008322536945343017578125 -0.1314370930194854736328125 
-0.023102022707462310791015625 0.0324470140039920806884765625 -0.007995069958269596099853515625 -0.185842454433441162109375 -0.086052753031253814697265625 
-0.124150328338146209716796875 -0.1045176982879638671875 -0.11949621140956878662109375 -0.114432059228420257568359375 0.00984773226082324981689453125 

0.010072353295981884002685546875 -0.01146468706429004669189453125 -0.034989260137081146240234375 0.0410514436662197113037109375 -0.0033685974776744842529296875 
-0.04802925884723663330078125 -0.00229218951426446437835693359375 0.17564751207828521728515625 0.065624415874481201171875 -0.14359496533870697021484375 
-0.0532158911228179931640625 0.09555746614933013916015625 0.095825441181659698486328125 -0.05003799498081207275390625 -0.0697010457515716552734375 
-0.069147296249866485595703125 -0.0467593409121036529541015625 -0.08228324353694915771484375 -0.012971165589988231658935546875 -0.007452546618878841400146484375 
-0.0406195186078548431396484375 0.0024381349794566631317138671875 0.0476912967860698699951171875 0.02495527453720569610595703125 -0.0010450645349919795989990234375 

0.00423275120556354522705078125 0.0128001011908054351806640625 0.0156295634806156158447265625 0.00504810921847820281982421875 -0.00729350559413433074951171875 
0.004294429905712604522705078125 0.00116663111839443445205688476562 -0.012326207943260669708251953125 -0.0071919164620339870452880859375 -0.0141101591289043426513671875 
0.000204331343411467969417572021484 -0.009173913858830928802490234375 -0.01927387900650501251220703125 -0.010060976259410381317138671875 -0.012853182852268218994140625 
-0.00134105980396270751953125 -0.0035940972156822681427001953125 -0.0073119890876114368438720703125 -0.014591584913432598114013671875 -0.011508573777973651885986328125 
0.01306511647999286651611328125 0.0148278437554836273193359375 -0.000265187205513939261436462402344 -0.000926691747736185789108276367188 -0.0059838457964360713958740234375 


-0.178259193897247314453125 -0.114903502166271209716796875 -0.17261219024658203125 -0.0528346560895442962646484375 -0.012480762787163257598876953125 
0.0446972660720348358154296875 -0.05906622111797332763671875 -0.15577484667301177978515625 -0.2624652385711669921875 -0.22752009332180023193359375 
0.1063090860843658447265625 0.078420214354991912841796875 0.13178448379039764404296875 0.063010774552822113037109375 -0.114456914365291595458984375 
-0.1258924901485443115234375 0.0118050910532474517822265625 0.1275496184825897216796875 0.21252153813838958740234375 0.22132889926433563232421875 
0.05498790740966796875 0.0383304096758365631103515625 -0.011220782063901424407958984375 0.00228659179992973804473876953125 0.09559212625026702880859375 

-0.0063791088759899139404296875 -0.104468844830989837646484375 -0.16218411922454833984375 -0.1732586920261383056640625 0.03507955372333526611328125 
-0.0067360945977270603179931640625 -0.14261628687381744384765625 -0.0621425397694110870361328125 0.17335586249828338623046875 0.04426538944244384765625 
0.111979074776172637939453125 0.10375274717807769775390625 0.3772639930248260498046875 0.1022566854953765869140625 0.13160698115825653076171875 
-0.0602627806365489959716796875 0.0660670697689056396484375 0.2830905914306640625 0.108831703662872314453125 0.11569106578826904296875 
0.14609538018703460693359375 -0.068039722740650177001953125 -0.19704437255859375 -0.3157222270965576171875 -0.3313714563846588134765625 

0.04644863307476043701171875 0.049785934388637542724609375 0.12990508973598480224609375 -0.088438570499420166015625 -0.1806719303131103515625 
0.095098100602626800537109375 0.1692178547382354736328125 0.072011567652225494384765625 0.110554270446300506591796875 -0.013985107652842998504638671875 
0.0334304906427860260009765625 0.090114451944828033447265625 0.1628697812557220458984375 0.14296589791774749755859375 0.328820765018463134765625 
-0.2445000708103179931640625 -0.24963460862636566162109375 -0.069809995591640472412109375 -0.082276605069637298583984375 0.064566470682621002197265625 
-0.067693233489990234375 -0.123449854552745819091796875 -0.078738510608673095703125 -0.058441407978534698486328125 -0.043392546474933624267578125 

-0.01384248398244380950927734375 -0.082859702408313751220703125 -0.0573245845735073089599609375 -0.110302679240703582763671875 -0.2150073349475860595703125 
-0.061415970325469970703125 0.014169695787131786346435546875 -0.071088232100009918212890625 -0.083828814327716827392578125 -0.117485933005809783935546875 
-0.006592325866222381591796875 0.12255191802978515625 0.091426312923431396484375 0.063997633755207061767578125 0.2454371750354766845703125 
-0.1266286075115203857421875 -0.1983191967010498046875 -0.283515870571136474609375 -0.099464617669582366943359375 0.064852796494960784912109375 
0.0356358252465724945068359375 -0.31628704071044921875 -0.18441379070281982421875 0.0209917612373828887939453125 -0.1205594539642333984375 

0.038495562970638275146484375 0.08824072778224945068359375 0.09648843109607696533203125 0.16578333079814910888671875 -0.062603496015071868896484375 
0.01684423722326755523681640625 0.1292891800403594970703125 0.02167234756052494049072265625 -0.0696563720703125 0.02592166699469089508056640625 
0.0050386670045554637908935546875 -0.0189642608165740966796875 -0.119587235152721405029296875 -0.072171784937381744384765625 -0.0236543901264667510986328125 
-0.119057990610599517822265625 -0.1640193164348602294921875 -0.18184612691402435302734375 -0.14066426455974578857421875 -0.0975755751132965087890625 
-0.06188340485095977783203125 -0.097812868654727935791015625 0.0886547863483428955078125 0.129636585712432861328125 0.1382339894771575927734375 

-0.010855086147785186767578125 -0.0123308338224887847900390625 0.01818623952567577362060546875 0.0086461342871189117431640625 0.0049581085331737995147705078125 
-0.00141826202161610126495361328125 0.011017148382961750030517578125 0.03117977082729339599609375 0.050899080932140350341796875 0.037192292511463165283203125 
0.0159954316914081573486328125 0.030460350215435028076171875 0.02455334551632404327392578125 0.00595887936651706695556640625 -0.00368467695079743862152099609375 
0.00190505862701684236526489257812 -0.0061202603392302989959716796875 0.0158265866339206695556640625 0.0251487381756305694580078125 0.027250729501247406005859375 
0.011207052506506443023681640625 0.0027741082012653350830078125 0.004691898822784423828125 0.00956059806048870086669921875 0.0108325891196727752685546875 


0.02102742157876491546630859375 0.02529709972441196441650390625 -0.002698992379009723663330078125 -0.0220731981098651885986328125 -0.015851818025112152099609375 
-0.008832751773297786712646484375 -0.0020872433669865131378173828125 0.0315044336020946502685546875 0.069565735757350921630859375 0.071101330220699310302734375 
-0.03108799271285533905029296875 -0.02263018675148487091064453125 -0.0364190526306629180908203125 0.010309535078704357147216796875 0.0461633168160915374755859375 
0.0029974244534969329833984375 -0.02081562578678131103515625 -0.042294614017009735107421875 -0.05975724756717681884765625 -0.0454666502773761749267578125 
-0.034651391208171844482421875 -0.0435447730123996734619140625 -0.01488821022212505340576171875 -0.006951250135898590087890625 -0.0489744953811168670654296875 

-0.0027062096633017063140869140625 -0.011942557990550994873046875 0.0063649336807429790496826171875 -0.006295100785791873931884765625 -0.0440508686006069183349609375 
-0.0325143337249755859375 -0.016986452043056488037109375 0.000455555360531434416770935058594 0.0065400595776736736297607421875 -0.008289697580039501190185546875 
0.02484448812901973724365234375 -0.0236776657402515411376953125 -0.037738502025604248046875 -0.041273169219493865966796875 -0.0176036991178989410400390625 
0.100000917911529541015625 0.14642231166362762451171875 0.1251433789730072021484375 0.04161699116230010986328125 -0.0200493745505809783935546875 
-0.0040912884287536144256591796875 0.0469676665961742401123046875 0.062857680022716522216796875 0.11636869609355926513671875 0.071958594024181365966796875 

-0.07087294757366180419921875 -0.055645726621150970458984375 -0.02439973689615726470947265625 -0.007065686397254467010498046875 0.0211005322635173797607421875 
-0.0384942255914211273193359375 -0.06666217744350433349609375 -0.088982217013835906982421875 -0.0509478151798248291015625 -0.02913388796150684356689453125 
0.08631481230258941650390625 0.038735441863536834716796875 -0.0329292975366115570068359375 -0.066084824502468109130859375 -0.0580219216644763946533203125 
0.067093096673488616943359375 0.08066533505916595458984375 0.0841462612152099609375 0.0248992629349231719970703125 -0.0314401052892208099365234375 
0.0046890857629477977752685546875 0.036184705793857574462890625 0.07548283040523529052734375 0.078850843012332916259765625 0.0616911947727203369140625 

-0.020536698400974273681640625 -0.0556755401194095611572265625 -0.0330251567065715789794921875 0.036461196839809417724609375 0.09211929142475128173828125 
-0.0959112942218780517578125 -0.13517291843891143798828125 -0.09711648523807525634765625 -0.0157443322241306304931640625 0.05155895650386810302734375 
-0.0524461604654788970947265625 -0.09242297708988189697265625 -0.115796983242034912109375 -0.106686569750308990478515625 -0.0577140189707279205322265625 
-0.015924930572509765625 -0.004563740454614162445068359375 -0.0368666015565395355224609375 -0.0429306961596012115478515625 -0.06390035152435302734375 
0.01833131723105907440185546875 0.074404276907444000244140625 0.071012534201145172119140625 0.041338443756103515625 -0.00207128212787210941314697265625 

-0.02618857286870479583740234375 -0.0378880538046360015869140625 -0.012391990981996059417724609375 0.0153621174395084381103515625 0.0388604886829853057861328125 
-0.01753057353198528289794921875 -0.02456250227987766265869140625 -0.0520826280117034912109375 -0.044549159705638885498046875 -0.02132988907396793365478515625 
0.014257319271564483642578125 0.0059288595803081989288330078125 -0.013290341012179851531982421875 -0.0277498997747898101806640625 -0.0479293651878833770751953125 
-0.0051053012721240520477294921875 0.009434144012629985809326171875 -0.00213843793608248233795166015625 0.0031338059343397617340087890625 -0.026687107980251312255859375 
-0.01871312968432903289794921875 0.01608381234109401702880859375 0.01639804430305957794189453125 -0.02288943715393543243408203125 -0.02334752492606639862060546875 

-0.010442540980875492095947265625 -0.00191955710761249065399169921875 -0.0048625580966472625732421875 -0.0075467047281563282012939453125 -0.000426425394834950566291809082031 
-0.0047037671320140361785888671875 -0.00968447513878345489501953125 -0.008425644598901271820068359375 0.000356293399818241596221923828125 -0.002290419302880764007568359375 
0.0103054903447628021240234375 0.008537401445209980010986328125 -0.00283361901529133319854736328125 -0.00054003833793103694915771484375 -0.0103342421352863311767578125 
0.00460295192897319793701171875 0.01612155698239803314208984375 0.00754810683429241180419921875 0.0047547356225550174713134765625 0.008242421783506870269775390625 
-0.002305157482624053955078125 -0.005278886295855045318603515625 0.008559514768421649932861328125 0.01044558919966220855712890625 0.011800275184214115142822265625 


-0.001317783258855342864990234375 -0.019565649330615997314453125 -0.00369337969459593296051025390625 -0.0564196296036243438720703125 -0.0565098188817501068115234375 
-0.05685956776142120361328125 -0.0650559365749359130859375 -0.112663678824901580810546875 -0.0407046638429164886474609375 0.11195097863674163818359375 
-0.012633067555725574493408203125 -0.059878766536712646484375 -0.12601743638515472412109375 -0.0136686079204082489013671875 0.0621572993695735931396484375 
-0.100077308714389801025390625 -0.1662199795246124267578125 -0.085454978048801422119140625 -0.0522520355880260467529296875 -0.02505677379667758941650390625 
-0.0904416143894195556640625 -0.071116276085376739501953125 -0.010712258517742156982421875 0.01307593286037445068359375 -0.003868964500725269317626953125 

-0.05511520802974700927734375 -0.19341738522052764892578125 -0.12142717838287353515625 -0.087389893829822540283203125 -0.0261452682316303253173828125 
-0.01888469420373439788818359375 -0.109342165291309356689453125 -0.119215227663516998291015625 -0.066050589084625244140625 0.027832128107547760009765625 
-0.0972145497798919677734375 -0.18124866485595703125 -0.072885118424892425537109375 -0.1811249554157257080078125 -0.0643635690212249755859375 
-0.1289383471012115478515625 -0.267172515392303466796875 -0.067844696342945098876953125 -0.0510740242898464202880859375 -0.13343770802021026611328125 
-0.063643045723438262939453125 -0.1973640024662017822265625 0.0381239950656890869140625 0.043980084359645843505859375 -0.18076966702938079833984375 

-0.02863048948347568511962890625 -0.11433517932891845703125 -0.06535385549068450927734375 -0.0060178968124091625213623046875 0.0012966399081051349639892578125 
-0.0409967266023159027099609375 -0.08389927446842193603515625 0.022713959217071533203125 0.0329818762838840484619140625 -0.0577130503952503204345703125 
-0.13491223752498626708984375 -0.1332255899906158447265625 0.0043633854947984218597412109375 -0.09948253631591796875 -0.084803886711597442626953125 
-0.062537811696529388427734375 -0.14523299038410186767578125 -0.0607923977077007293701171875 -0.064704902470111846923828125 -0.10444061458110809326171875 
-0.0046292874030768871307373046875 -0.061614848673343658447265625 0.140743792057037353515625 0.170366942882537841796875 -0.088560283184051513671875 

-0.050823159515857696533203125 -0.092296771705150604248046875 -0.08002318441867828369140625 0.044652022421360015869140625 0.059014119207859039306640625 
-0.009435492567718029022216796875 -0.1296940147876739501953125 0.128839313983917236328125 0.3606186807155609130859375 0.011119537055492401123046875 
-0.071902014315128326416015625 -0.1140960156917572021484375 0.4610440731048583984375 0.24048443138599395751953125 -0.348261415958404541015625 
-0.121559165418148040771484375 -0.0498575903475284576416015625 0.3876291215419769287109375 -0.07956732809543609619140625 -0.397834479808807373046875 
0.00203196308575570583343505859375 0.004366137087345123291015625 0.2073116600513458251953125 -0.1835574805736541748046875 -0.16432105004787445068359375 

-0.000998281524516642093658447265625 -0.0066598388366401195526123046875 -0.0298084355890750885009765625 -0.0235217250883579254150390625 0.0238588936626911163330078125 
-0.0025891126133501529693603515625 -0.0259605944156646728515625 0.09480176866054534912109375 0.068381942808628082275390625 -0.026170231401920318603515625 
-0.02400449104607105255126953125 -0.037685357034206390380859375 0.0499522797763347625732421875 -0.0316082648932933807373046875 -0.084962256252765655517578125 
0.04315759241580963134765625 0.026847474277019500732421875 -0.000884108303580433130264282226562 -0.118896685540676116943359375 0.0458973683416843414306640625 
0.0425133965909481048583984375 0.00320142693817615509033203125 0.01674207858741283416748046875 0.02690245397388935089111328125 0.109585888683795928955078125 

0.00263981078751385211944580078125 -0.011462114751338958740234375 -0.01714551448822021484375 -0.009396112523972988128662109375 -0.01278856955468654632568359375 
-0.0024921749718487262725830078125 -0.0059455218724906444549560546875 -0.0092820823192596435546875 -7.76445522205904126167297363281e-05 0.00775040499866008758544921875 
-0.0073493248783051967620849609375 -0.0217201448976993560791015625 -0.0299205370247364044189453125 -0.011933990754187107086181640625 -0.00715422444045543670654296875 
-0.00252057774923741817474365234375 -0.01609562523663043975830078125 -0.03075989149510860443115234375 -0.007990993559360504150390625 -0.01712721772491931915283203125 
-0.000797810149379074573516845703125 -0.0081801079213619232177734375 -0.0018398971296846866607666015625 0.010981782339513301849365234375 0.00252860062755644321441650390625 


0.02989536710083484649658203125 0.0514264367520809173583984375 0.03096655197441577911376953125 -0.1032494008541107177734375 -0.11246524751186370849609375 
0.0254607461392879486083984375 0.0515253506600856781005859375 0.10099522769451141357421875 -0.02826492488384246826171875 -0.1730497777462005615234375 
0.0562579296529293060302734375 0.0485883019864559173583984375 0.07579956948757171630859375 -0.01959191821515560150146484375 -0.169560849666595458984375 
-0.005693553946912288665771484375 -0.02393295057117938995361328125 -0.090651907026767730712890625 0.09939716756343841552734375 0.116884075105190277099609375 
0.01258642412722110748291015625 -0.053465582430362701416015625 -0.167156636714935302734375 -0.117039404809474945068359375 0.029261954128742218017578125 

-0.081307746469974517822265625 -0.15101945400238037109375 -0.089244902133941650390625 -0.0416662357747554779052734375 -0.13549475371837615966796875 
0.0093025006353855133056640625 0.03474794328212738037109375 -0.03330467641353607177734375 0.1010912358760833740234375 0.09470774233341217041015625 
0.0028813011012971401214599609375 -0.01305804215371608734130859375 -0.105715133249759674072265625 0.054902650415897369384765625 0.3458463847637176513671875 
0.080699674785137176513671875 0.01284932903945446014404296875 -0.15367133915424346923828125 -0.09231613576412200927734375 0.354939281940460205078125 
0.124674975872039794921875 0.18844343721866607666015625 -0.07530666887760162353515625 -0.23553933203220367431640625 -0.18128645420074462890625 

-0.09413309395313262939453125 -0.0598617903888225555419921875 -0.00104822486173361539840698242188 0.08892221748828887939453125 0.122212074697017669677734375 
-0.035393022000789642333984375 -0.04410357773303985595703125 -0.15367977321147918701171875 0.0068861208856105804443359375 0.05422556400299072265625 
-0.04175613820552825927734375 -0.100064419209957122802734375 -0.2193873226642608642578125 -0.0623218603432178497314453125 0.24747394025325775146484375 
0.14136175811290740966796875 0.063920497894287109375 -0.107007957994937896728515625 -0.15942554175853729248046875 0.0639010369777679443359375 
0.1975199282169342041015625 0.262888967990875244140625 0.124451972544193267822265625 -0.13054807484149932861328125 -0.172226011753082275390625 

-0.12520907819271087646484375 -0.09987978637218475341796875 0.052662260830402374267578125 0.13364197313785552978515625 0.01930502615869045257568359375 
-0.13394714891910552978515625 -0.0826962888240814208984375 -0.100889973342418670654296875 0.114309705793857574462890625 0.128516972064971923828125 
-0.100237809121608734130859375 -0.21765638887882232666015625 -0.340739727020263671875 0.102634780108928680419921875 0.1413640677928924560546875 
-0.0446946881711483001708984375 -0.15955953299999237060546875 -0.36577522754669189453125 -0.0971185863018035888671875 0.1055826246738433837890625 
0.1914400160312652587890625 0.24115930497646331787109375 0.012523026205599308013916015625 -0.18257279694080352783203125 -0.066419415175914764404296875 

-0.05065192282199859619140625 0.0104882009327411651611328125 0.0294688642024993896484375 0.01394173689186573028564453125 0.047281742095947265625 
-0.02212172932922840118408203125 -0.0340642593801021575927734375 -0.083798162639141082763671875 -0.0507218502461910247802734375 -0.15724556148052215576171875 
-0.00173184729646891355514526367188 -0.06530265510082244873046875 -0.08467115461826324462890625 -0.0427925027906894683837890625 -0.14452601969242095947265625 
0.05190956592559814453125 0.02549446560442447662353515625 -0.00212093046866357326507568359375 -0.0108259655535221099853515625 -0.1585853099822998046875 
0.039757408201694488525390625 0.112624622881412506103515625 0.070253349840641021728515625 0.0386842153966426849365234375 -0.0411193855106830596923828125 

-0.00122116680722683668136596679688 -0.00921774096786975860595703125 -0.0032972288317978382110595703125 0.00118391460273414850234985351562 0.005749787203967571258544921875 
-0.00598327815532684326171875 -0.00277894805185496807098388671875 -0.01349535025656223297119140625 -0.010224691592156887054443359375 -0.006452213041484355926513671875 
0.00335056078620254993438720703125 0.0024475264362990856170654296875 -0.0143323652446269989013671875 -0.011435070075094699859619140625 -0.0074812979437410831451416015625 
0.0250150896608829498291015625 0.013119430281221866607666015625 0.004964838735759258270263671875 -0.00855047069489955902099609375 -0.012648819945752620697021484375 
0.015273797325789928436279296875 0.010073371231555938720703125 0.01022262685000896453857421875 -0.0054348953999578952789306640625 -0.0020203120075166225433349609375 


-0.20155097544193267822265625 -0.031359173357486724853515625 0.02004828490316867828369140625 -0.13931994140148162841796875 -0.092557005584239959716796875 
-0.168294370174407958984375 -0.10636062920093536376953125 -0.101228766143321990966796875 -0.0936234891414642333984375 -0.000420845142798498272895812988281 
-0.043597228825092315673828125 -0.0338037721812725067138671875 0.11316074430942535400390625 0.321819841861724853515625 0.19207347929477691650390625 
0.285690128803253173828125 0.2847369015216827392578125 0.21677969396114349365234375 -0.01868021301925182342529296875 -0.3886622488498687744140625 
-0.1523756086826324462890625 -0.104795522987842559814453125 -0.238295078277587890625 -0.1518513262271881103515625 0.2198541462421417236328125 

0.043663077056407928466796875 0.090673096477985382080078125 -0.020198188722133636474609375 0.01990449428558349609375 -0.00149191438686102628707885742188 
-0.0497064292430877685546875 0.06393976509571075439453125 0.00708808191120624542236328125 -0.095540679991245269775390625 0.00328075024299323558807373046875 
0.098424173891544342041015625 0.11058689653873443603515625 0.0136447250843048095703125 -0.0608486346900463104248046875 -0.0775167644023895263671875 
0.297897636890411376953125 0.1923465728759765625 -0.082577623426914215087890625 -0.3846112191677093505859375 -0.3260677754878997802734375 
-0.011338123120367527008056640625 -0.272203743457794189453125 -0.26530849933624267578125 -0.1578948497772216796875 0.059138901531696319580078125 

0.0358501635491847991943359375 0.0528663061559200286865234375 -0.085287444293498992919921875 -0.080955564975738525390625 0.0645046532154083251953125 
-0.13317953050136566162109375 -0.076295711100101470947265625 0.062975712120532989501953125 0.0651781558990478515625 0.0513848252594470977783203125 
0.276752293109893798828125 0.196135699748992919921875 0.048440538346767425537109375 -0.1915622651576995849609375 -0.242119252681732177734375 
-0.0509097576141357421875 -0.233438313007354736328125 -0.3192683160305023193359375 -0.068298034369945526123046875 0.19126693904399871826171875 
0.18955020606517791748046875 -0.0245132744312286376953125 -0.09029138088226318359375 -0.063598729670047760009765625 -0.0379852987825870513916015625 

0.122750096023082733154296875 -0.16087217628955841064453125 -0.12939560413360595703125 -0.077292211353778839111328125 -0.134624063968658447265625 
-0.051574356853961944580078125 -0.118895359337329864501953125 0.075054861605167388916015625 0.4374606907367706298828125 0.2559303343296051025390625 
-0.0017948369495570659637451171875 0.1593193709850311279296875 0.34686195850372314453125 0.2051524221897125244140625 -0.2706358730792999267578125 
-0.264745235443115234375 -0.21305538713932037353515625 -0.29298222064971923828125 -0.43590414524078369140625 -0.095279954373836517333984375 
-0.17417351901531219482421875 -0.392264902591705322265625 -0.4630388319492340087890625 0.02337043173611164093017578125 0.1384099423885345458984375 

0.06331683695316314697265625 0.01599497161805629730224609375 -0.0025435551069676876068115234375 -0.103195078670978546142578125 -0.03153692185878753662109375 
-0.1515499651432037353515625 -0.091954492032527923583984375 0.0667946040630340576171875 0.138455450534820556640625 0.1044358909130096435546875 
-0.01847783662378787994384765625 0.0126521587371826171875 0.12996675074100494384765625 0.02763043902814388275146484375 -0.107218563556671142578125 
-0.13426624238491058349609375 -0.108721546828746795654296875 -0.076105706393718719482421875 0.1473883092403411865234375 0.205772101879119873046875 
0.0346356332302093505859375 0.0489295832812786102294921875 0.0761191844940185546875 0.0476528815925121307373046875 -0.0565050877630710601806640625 

0.00271253078244626522064208984375 0.0177045650780200958251953125 0.00324689014814794063568115234375 -0.016874901950359344482421875 -0.015089550055563449859619140625 
-0.01660278998315334320068359375 -0.01759471185505390167236328125 -0.000589708623010665178298950195312 0.00379068194888532161712646484375 0.0027145850472152233123779296875 
0.054703779518604278564453125 0.041310004889965057373046875 0.014550410211086273193359375 -0.009697710163891315460205078125 -0.01267915777862071990966796875 
0.02530001103878021240234375 0.01330694742500782012939453125 -0.01197952963411808013916015625 -0.00404314137995243072509765625 0.000394019298255443572998046875 
0.02885186113417148590087890625 0.013987816870212554931640625 0.0033302721567451953887939453125 -0.01158613152801990509033203125 -0.0029981783591210842132568359375 


-0.0338707007467746734619140625 -0.0313864015042781829833984375 -0.00349942571483552455902099609375 -0.048207648098468780517578125 -0.197924315929412841796875 
0.02030762843787670135498046875 0.1602012813091278076171875 0.121602840721607208251953125 -0.15225611627101898193359375 0.007823907770216464996337890625 
0.115603543817996978759765625 0.0574060492217540740966796875 -0.12720644474029541015625 -0.250955045223236083984375 -0.0650555193424224853515625 
0.12383906543254852294921875 -0.097801424562931060791015625 -0.1954779922962188720703125 -0.230699360370635986328125 -0.0855953693389892578125 
0.1359787285327911376953125 -0.100386403501033782958984375 -0.13028492033481597900390625 -0.06339026987552642822265625 0.118148453533649444580078125 

0.0397430360317230224609375 0.0514725558459758758544921875 -0.031928025186061859130859375 0.0048766047693789005279541015625 0.0829229652881622314453125 
0.11928622424602508544921875 0.065399907529354095458984375 -0.101010330021381378173828125 -0.12999854981899261474609375 -0.1347467601299285888671875 
0.020718507468700408935546875 -0.1854477822780609130859375 -0.2763978540897369384765625 -0.0576256923377513885498046875 -0.13361023366451263427734375 
0.010572140105068683624267578125 -0.14374588429927825927734375 -0.3407369554042816162109375 -0.0706537067890167236328125 0.0294379852712154388427734375 
0.0790973603725433349609375 -0.06135000288486480712890625 -0.094814844429492950439453125 0.21115295588970184326171875 0.1405906975269317626953125 

0.004245289601385593414306640625 0.105567149817943572998046875 0.056595265865325927734375 -0.0416154675185680389404296875 0.011649526655673980712890625 
0.04012291133403778076171875 -0.103861443698406219482421875 -0.1550932228565216064453125 -0.058000527322292327880859375 0.0524218417704105377197265625 
-0.0095180533826351165771484375 -0.20282208919525146484375 -0.1409921944141387939453125 0.06634141504764556884765625 -0.07309396564960479736328125 
0.0517861358821392059326171875 -0.08045987784862518310546875 -0.13667733967304229736328125 0.061201520264148712158203125 -0.07591378688812255859375 
0.04117386043071746826171875 -0.107643119990825653076171875 -0.0351563207805156707763671875 0.12307687103748321533203125 0.076534233987331390380859375 

-0.0179366283118724822998046875 -0.02796938084065914154052734375 -0.119837105274200439453125 0.0570823438465595245361328125 -0.07439230382442474365234375 
0.04140277206897735595703125 -0.1343376934528350830078125 -0.2595851123332977294921875 0.2521555721759796142578125 0.19689978659152984619140625 
0.0134535022079944610595703125 -0.411053240299224853515625 -0.115985386073589324951171875 0.7611739635467529296875 -0.0456038303673267364501953125 
-0.0075333379209041595458984375 -0.21394073963165283203125 0.20428703725337982177734375 0.4048030674457550048828125 -0.334753572940826416015625 
-0.0608567260205745697021484375 -0.06872560083866119384765625 0.0382952578365802764892578125 0.0513998307287693023681640625 -0.29159247875213623046875 

-0.058991782367229461669921875 -0.03365261852741241455078125 0.039657406508922576904296875 -0.01855485700070858001708984375 -0.122523866593837738037109375 
-0.0445027984678745269775390625 -0.0577831380069255828857421875 -0.0717976391315460205078125 0.070783592760562896728515625 0.06285004317760467529296875 
0.0100866071879863739013671875 -0.068528927862644195556640625 0.184533774852752685546875 0.13790993392467498779296875 -0.0503006763756275177001953125 
0.054013840854167938232421875 0.0499177090823650360107421875 0.11594991385936737060546875 -0.08413331210613250732421875 -0.069014869630336761474609375 
0.066243715584278106689453125 0.0427643917500972747802734375 -0.047539226710796356201171875 -0.110489584505558013916015625 0.01648616231977939605712890625 

-0.01874063350260257720947265625 0.0073383678682148456573486328125 -0.00274549867026507854461669921875 -0.004105907864868640899658203125 0.00984291918575763702392578125 
0.006012802012264728546142578125 -0.008300022222101688385009765625 -0.00809086859226226806640625 0.005824957974255084991455078125 0.0127339996397495269775390625 
0.00572262518107891082763671875 -0.0043917051516473293304443359375 -0.01506783999502658843994140625 -0.02026324532926082611083984375 -0.00829292275011539459228515625 
0.01850475184619426727294921875 -0.00816109217703342437744140625 -0.0391420684754848480224609375 -0.02106021344661712646484375 -0.0162345804274082183837890625 
0.009252103976905345916748046875 0.000245286035351455211639404296875 -0.0196875631809234619140625 0.0036641280166804790496826171875 0.006329364143311977386474609375 



-0.107332147657871246337890625
-0.03059493005275726318359375
-0.1943095028400421142578125
-0.0159233175218105316162109375
-0.107973836362361907958984375
-0.16338884830474853515625
-0.0310630314052104949951171875
-0.14271156489849090576171875
0.001450615935027599334716796875
-0.06275571882724761962890625
-0.0984922349452972412109375
-0.0063532809726893901824951171875
-0.00786311924457550048828125
-0.13622963428497314453125
-0.0343887172639369964599609375
-0.14754350483417510986328125
